TABLE NO.     2: Objective Function Evaluation by Importance/MAP Sampling (No Prior): Problem=1 Subproblem=0 Superproblem1=0 Iteration1=0 Superproblem2=0 Iteration2=0
 NAME         THETA1       THETA2       THETA3       THETA4       THETA5       THETA6       THETA7       THETA8       THETA9       SIGMA(1,1)   OMEGA(1,1)   OMEGA(2,1)   OMEGA(2,2)   OMEGA(3,1)   OMEGA(3,2)   OMEGA(3,3)   OMEGA(4,1)   OMEGA(4,2)   OMEGA(4,3)   OMEGA(4,4)   OMEGA(5,1)   OMEGA(5,2)   OMEGA(5,3)   OMEGA(5,4)   OMEGA(5,5)   OMEGA(6,1)   OMEGA(6,2)   OMEGA(6,3)   OMEGA(6,4)   OMEGA(6,5)   OMEGA(6,6)
 THETA1        0.00000E+00  0.00000E+00  0.00000E+00  0.00000E+00  0.00000E+00  0.00000E+00  0.00000E+00  0.00000E+00  0.00000E+00  0.00000E+00  0.00000E+00  0.00000E+00  0.00000E+00  0.00000E+00  0.00000E+00  0.00000E+00  0.00000E+00  0.00000E+00  0.00000E+00  0.00000E+00  0.00000E+00  0.00000E+00  0.00000E+00  0.00000E+00  0.00000E+00  0.00000E+00  0.00000E+00  0.00000E+00  0.00000E+00  0.00000E+00  0.00000E+00
 THETA2        0.00000E+00  0.00000E+00  0.00000E+00  0.00000E+00  0.00000E+00  0.00000E+00  0.00000E+00  0.00000E+00  0.00000E+00  0.00000E+00  0.00000E+00  0.00000E+00  0.00000E+00  0.00000E+00  0.00000E+00  0.00000E+00  0.00000E+00  0.00000E+00  0.00000E+00  0.00000E+00  0.00000E+00  0.00000E+00  0.00000E+00  0.00000E+00  0.00000E+00  0.00000E+00  0.00000E+00  0.00000E+00  0.00000E+00  0.00000E+00  0.00000E+00
 THETA3        0.00000E+00  0.00000E+00  0.00000E+00  0.00000E+00  0.00000E+00  0.00000E+00  0.00000E+00  0.00000E+00  0.00000E+00  0.00000E+00  0.00000E+00  0.00000E+00  0.00000E+00  0.00000E+00  0.00000E+00  0.00000E+00  0.00000E+00  0.00000E+00  0.00000E+00  0.00000E+00  0.00000E+00  0.00000E+00  0.00000E+00  0.00000E+00  0.00000E+00  0.00000E+00  0.00000E+00  0.00000E+00  0.00000E+00  0.00000E+00  0.00000E+00
 THETA4        0.00000E+00  0.00000E+00  0.00000E+00  3.80838E-02  4.50011E-01 -2.76110E-03 -3.07041E-05  1.02113E-03  7.63881E-04  1.23702E-06 -9.79162E-05  0.00000E+00  0.00000E+00  0.00000E+00  0.00000E+00  8.64091E-03  0.00000E+00  0.00000E+00  1.07471E-03 -6.89547E-03  0.00000E+00  0.00000E+00  4.59069E-03 -3.19839E-03  9.19755E-04  0.00000E+00  0.00000E+00 -3.47121E-04 -2.96153E-04 -2.95754E-04 -7.32684E-05
 THETA5        0.00000E+00  0.00000E+00  0.00000E+00  4.50011E-01  2.08984E+01 -8.59587E-02 -1.91207E-03  2.15433E-02  2.25829E-02  3.00795E-04 -8.29356E-04  0.00000E+00  0.00000E+00  0.00000E+00  0.00000E+00  1.33485E-01  0.00000E+00  0.00000E+00  5.14946E-02 -3.33615E-02  0.00000E+00  0.00000E+00  6.37436E-02 -1.37349E-02  3.87788E-03  0.00000E+00  0.00000E+00 -1.42702E-02 -1.32912E-02 -1.37871E-02 -5.27908E-03
 THETA6        0.00000E+00  0.00000E+00  0.00000E+00 -2.76110E-03 -8.59587E-02  4.53478E-03  2.46398E-05 -2.77246E-04 -7.26580E-04 -4.50333E-06 -1.56351E-05  0.00000E+00  0.00000E+00  0.00000E+00  0.00000E+00 -3.10052E-04  0.00000E+00  0.00000E+00  4.65077E-05  4.21289E-04  0.00000E+00  0.00000E+00  4.81419E-05  5.22885E-04  4.33924E-04  0.00000E+00  0.00000E+00  1.05259E-04  1.06453E-04  1.28881E-04 -2.71596E-04
 THETA7        0.00000E+00  0.00000E+00  0.00000E+00 -3.07041E-05 -1.91207E-03  2.46398E-05  2.33541E-05  2.68069E-06  2.00425E-05  1.22074E-07 -1.98573E-06  0.00000E+00  0.00000E+00  0.00000E+00  0.00000E+00  6.07647E-05  0.00000E+00  0.00000E+00  3.10655E-05  4.27612E-06  0.00000E+00  0.00000E+00 -5.97958E-05 -8.19697E-05 -1.70707E-04  0.00000E+00  0.00000E+00 -2.35626E-05 -3.13489E-05 -3.07275E-05  1.37451E-05
 THETA8        0.00000E+00  0.00000E+00  0.00000E+00  1.02113E-03  2.15433E-02 -2.77246E-04  2.68069E-06  3.65379E-04  1.41908E-04  9.82830E-07  1.90215E-06  0.00000E+00  0.00000E+00  0.00000E+00  0.00000E+00  2.92430E-04  0.00000E+00  0.00000E+00  1.71105E-04  4.18352E-05  0.00000E+00  0.00000E+00  7.80483E-05 -6.55369E-05 -1.68412E-04  0.00000E+00  0.00000E+00 -1.04236E-04 -1.13160E-04 -9.14832E-05 -2.37439E-06
 THETA9        0.00000E+00  0.00000E+00  0.00000E+00  7.63881E-04  2.25829E-02 -7.26580E-04  2.00425E-05  1.41908E-04  3.79747E-04  2.08130E-06 -1.52336E-05  0.00000E+00  0.00000E+00  0.00000E+00  0.00000E+00  4.86757E-04  0.00000E+00  0.00000E+00  2.87585E-04  8.52418E-05  0.00000E+00  0.00000E+00  2.11650E-04 -3.59470E-05 -9.83081E-05  0.00000E+00  0.00000E+00 -2.06007E-04 -2.06957E-04 -2.19089E-04 -1.77574E-06
 SIGMA(1,1)    0.00000E+00  0.00000E+00  0.00000E+00  1.23702E-06  3.00795E-04 -4.50333E-06  1.22074E-07  9.82830E-07  2.08130E-06  1.54279E-06 -4.01120E-06  0.00000E+00  0.00000E+00  0.00000E+00  0.00000E+00  2.59291E-05  0.00000E+00  0.00000E+00  2.08760E-05  1.40397E-05  0.00000E+00  0.00000E+00  1.56477E-05  9.41960E-06  1.49007E-06  0.00000E+00  0.00000E+00 -2.68761E-08  4.95787E-07  1.04305E-06 -1.54148E-06
 OMEGA(1,1)    0.00000E+00  0.00000E+00  0.00000E+00 -9.79162E-05 -8.29356E-04 -1.56351E-05 -1.98573E-06  1.90215E-06 -1.52336E-05 -4.01120E-06  1.49555E-04  0.00000E+00  0.00000E+00  0.00000E+00  0.00000E+00 -1.63116E-04  0.00000E+00  0.00000E+00 -1.74282E-04 -1.79923E-04  0.00000E+00  0.00000E+00  3.43915E-06 -6.10252E-06  1.21796E-04  0.00000E+00  0.00000E+00  4.73414E-05  4.57540E-05  2.81375E-05  2.01327E-05
 OMEGA(2,1)    0.00000E+00  0.00000E+00  0.00000E+00  0.00000E+00  0.00000E+00  0.00000E+00  0.00000E+00  0.00000E+00  0.00000E+00  0.00000E+00  0.00000E+00  0.00000E+00  0.00000E+00  0.00000E+00  0.00000E+00  0.00000E+00  0.00000E+00  0.00000E+00  0.00000E+00  0.00000E+00  0.00000E+00  0.00000E+00  0.00000E+00  0.00000E+00  0.00000E+00  0.00000E+00  0.00000E+00  0.00000E+00  0.00000E+00  0.00000E+00  0.00000E+00
 OMEGA(2,2)    0.00000E+00  0.00000E+00  0.00000E+00  0.00000E+00  0.00000E+00  0.00000E+00  0.00000E+00  0.00000E+00  0.00000E+00  0.00000E+00  0.00000E+00  0.00000E+00  0.00000E+00  0.00000E+00  0.00000E+00  0.00000E+00  0.00000E+00  0.00000E+00  0.00000E+00  0.00000E+00  0.00000E+00  0.00000E+00  0.00000E+00  0.00000E+00  0.00000E+00  0.00000E+00  0.00000E+00  0.00000E+00  0.00000E+00  0.00000E+00  0.00000E+00
 OMEGA(3,1)    0.00000E+00  0.00000E+00  0.00000E+00  0.00000E+00  0.00000E+00  0.00000E+00  0.00000E+00  0.00000E+00  0.00000E+00  0.00000E+00  0.00000E+00  0.00000E+00  0.00000E+00  0.00000E+00  0.00000E+00  0.00000E+00  0.00000E+00  0.00000E+00  0.00000E+00  0.00000E+00  0.00000E+00  0.00000E+00  0.00000E+00  0.00000E+00  0.00000E+00  0.00000E+00  0.00000E+00  0.00000E+00  0.00000E+00  0.00000E+00  0.00000E+00
 OMEGA(3,2)    0.00000E+00  0.00000E+00  0.00000E+00  0.00000E+00  0.00000E+00  0.00000E+00  0.00000E+00  0.00000E+00  0.00000E+00  0.00000E+00  0.00000E+00  0.00000E+00  0.00000E+00  0.00000E+00  0.00000E+00  0.00000E+00  0.00000E+00  0.00000E+00  0.00000E+00  0.00000E+00  0.00000E+00  0.00000E+00  0.00000E+00  0.00000E+00  0.00000E+00  0.00000E+00  0.00000E+00  0.00000E+00  0.00000E+00  0.00000E+00  0.00000E+00
 OMEGA(3,3)    0.00000E+00  0.00000E+00  0.00000E+00  8.64091E-03  1.33485E-01 -3.10052E-04  6.07647E-05  2.92430E-04  4.86757E-04  2.59291E-05 -1.63116E-04  0.00000E+00  0.00000E+00  0.00000E+00  0.00000E+00  1.23558E-01  0.00000E+00  0.00000E+00  6.54443E-02  7.40042E-03  0.00000E+00  0.00000E+00  7.22468E-02  1.37889E-02  2.01650E-02  0.00000E+00  0.00000E+00  5.49602E-03  5.82898E-03  5.69679E-03  9.71261E-05
 OMEGA(4,1)    0.00000E+00  0.00000E+00  0.00000E+00  0.00000E+00  0.00000E+00  0.00000E+00  0.00000E+00  0.00000E+00  0.00000E+00  0.00000E+00  0.00000E+00  0.00000E+00  0.00000E+00  0.00000E+00  0.00000E+00  0.00000E+00  0.00000E+00  0.00000E+00  0.00000E+00  0.00000E+00  0.00000E+00  0.00000E+00  0.00000E+00  0.00000E+00  0.00000E+00  0.00000E+00  0.00000E+00  0.00000E+00  0.00000E+00  0.00000E+00  0.00000E+00
 OMEGA(4,2)    0.00000E+00  0.00000E+00  0.00000E+00  0.00000E+00  0.00000E+00  0.00000E+00  0.00000E+00  0.00000E+00  0.00000E+00  0.00000E+00  0.00000E+00  0.00000E+00  0.00000E+00  0.00000E+00  0.00000E+00  0.00000E+00  0.00000E+00  0.00000E+00  0.00000E+00  0.00000E+00  0.00000E+00  0.00000E+00  0.00000E+00  0.00000E+00  0.00000E+00  0.00000E+00  0.00000E+00  0.00000E+00  0.00000E+00  0.00000E+00  0.00000E+00
 OMEGA(4,3)    0.00000E+00  0.00000E+00  0.00000E+00  1.07471E-03  5.14946E-02  4.65077E-05  3.10655E-05  1.71105E-04  2.87585E-04  2.08760E-05 -1.74282E-04  0.00000E+00  0.00000E+00  0.00000E+00  0.00000E+00  6.54443E-02  0.00000E+00  0.00000E+00  6.20750E-02  5.82851E-02  0.00000E+00  0.00000E+00  4.27023E-02  3.88009E-02  1.92897E-02  0.00000E+00  0.00000E+00  5.12330E-03  5.29177E-03  5.35635E-03  1.34814E-04
 OMEGA(4,4)    0.00000E+00  0.00000E+00  0.00000E+00 -6.89547E-03 -3.33615E-02  4.21289E-04  4.27612E-06  4.18352E-05  8.52418E-05  1.40397E-05 -1.79923E-04  0.00000E+00  0.00000E+00  0.00000E+00  0.00000E+00  7.40042E-03  0.00000E+00  0.00000E+00  5.82851E-02  1.08971E-01  0.00000E+00  0.00000E+00  1.30097E-02  6.35385E-02  1.82931E-02  0.00000E+00  0.00000E+00  4.47312E-03  4.40840E-03  4.71721E-03  1.76113E-04
 OMEGA(5,1)    0.00000E+00  0.00000E+00  0.00000E+00  0.00000E+00  0.00000E+00  0.00000E+00  0.00000E+00  0.00000E+00  0.00000E+00  0.00000E+00  0.00000E+00  0.00000E+00  0.00000E+00  0.00000E+00  0.00000E+00  0.00000E+00  0.00000E+00  0.00000E+00  0.00000E+00  0.00000E+00  0.00000E+00  0.00000E+00  0.00000E+00  0.00000E+00  0.00000E+00  0.00000E+00  0.00000E+00  0.00000E+00  0.00000E+00  0.00000E+00  0.00000E+00
 OMEGA(5,2)    0.00000E+00  0.00000E+00  0.00000E+00  0.00000E+00  0.00000E+00  0.00000E+00  0.00000E+00  0.00000E+00  0.00000E+00  0.00000E+00  0.00000E+00  0.00000E+00  0.00000E+00  0.00000E+00  0.00000E+00  0.00000E+00  0.00000E+00  0.00000E+00  0.00000E+00  0.00000E+00  0.00000E+00  0.00000E+00  0.00000E+00  0.00000E+00  0.00000E+00  0.00000E+00  0.00000E+00  0.00000E+00  0.00000E+00  0.00000E+00  0.00000E+00
 OMEGA(5,3)    0.00000E+00  0.00000E+00  0.00000E+00  4.59069E-03  6.37436E-02  4.81419E-05 -5.97958E-05  7.80483E-05  2.11650E-04  1.56477E-05  3.43915E-06  0.00000E+00  0.00000E+00  0.00000E+00  0.00000E+00  7.22468E-02  0.00000E+00  0.00000E+00  4.27023E-02  1.30097E-02  0.00000E+00  0.00000E+00  9.62005E-02  6.63290E-02  1.19331E-01  0.00000E+00  0.00000E+00  5.44377E-03  5.84134E-03  6.06404E-03  4.86182E-05
 OMEGA(5,4)    0.00000E+00  0.00000E+00  0.00000E+00 -3.19839E-03 -1.37349E-02  5.22885E-04 -8.19697E-05 -6.55369E-05 -3.59470E-05  9.41960E-06 -6.10252E-06  0.00000E+00  0.00000E+00  0.00000E+00  0.00000E+00  1.37889E-02  0.00000E+00  0.00000E+00  3.88009E-02  6.35385E-02  0.00000E+00  0.00000E+00  6.63290E-02  9.15008E-02  1.18741E-01  0.00000E+00  0.00000E+00  5.14509E-03  5.31696E-03  5.69511E-03  9.07330E-05
 OMEGA(5,5)    0.00000E+00  0.00000E+00  0.00000E+00  9.19755E-04  3.87788E-03  4.33924E-04 -1.70707E-04 -1.68412E-04 -9.83081E-05  1.49007E-06  1.21796E-04  0.00000E+00  0.00000E+00  0.00000E+00  0.00000E+00  2.01650E-02  0.00000E+00  0.00000E+00  1.92897E-02  1.82931E-02  0.00000E+00  0.00000E+00  1.19331E-01  1.18741E-01  2.19162E-01  0.00000E+00  0.00000E+00  5.62625E-03  5.99952E-03  6.51801E-03 -6.21210E-06
 OMEGA(6,1)    0.00000E+00  0.00000E+00  0.00000E+00  0.00000E+00  0.00000E+00  0.00000E+00  0.00000E+00  0.00000E+00  0.00000E+00  0.00000E+00  0.00000E+00  0.00000E+00  0.00000E+00  0.00000E+00  0.00000E+00  0.00000E+00  0.00000E+00  0.00000E+00  0.00000E+00  0.00000E+00  0.00000E+00  0.00000E+00  0.00000E+00  0.00000E+00  0.00000E+00  0.00000E+00  0.00000E+00  0.00000E+00  0.00000E+00  0.00000E+00  0.00000E+00
 OMEGA(6,2)    0.00000E+00  0.00000E+00  0.00000E+00  0.00000E+00  0.00000E+00  0.00000E+00  0.00000E+00  0.00000E+00  0.00000E+00  0.00000E+00  0.00000E+00  0.00000E+00  0.00000E+00  0.00000E+00  0.00000E+00  0.00000E+00  0.00000E+00  0.00000E+00  0.00000E+00  0.00000E+00  0.00000E+00  0.00000E+00  0.00000E+00  0.00000E+00  0.00000E+00  0.00000E+00  0.00000E+00  0.00000E+00  0.00000E+00  0.00000E+00  0.00000E+00
 OMEGA(6,3)    0.00000E+00  0.00000E+00  0.00000E+00 -3.47121E-04 -1.42702E-02  1.05259E-04 -2.35626E-05 -1.04236E-04 -2.06007E-04 -2.68761E-08  4.73414E-05  0.00000E+00  0.00000E+00  0.00000E+00  0.00000E+00  5.49602E-03  0.00000E+00  0.00000E+00  5.12330E-03  4.47312E-03  0.00000E+00  0.00000E+00  5.44377E-03  5.14509E-03  5.62625E-03  0.00000E+00  0.00000E+00  2.41637E-02  2.39997E-02  2.40218E-02  1.48150E-04
 OMEGA(6,4)    0.00000E+00  0.00000E+00  0.00000E+00 -2.96153E-04 -1.32912E-02  1.06453E-04 -3.13489E-05 -1.13160E-04 -2.06957E-04  4.95787E-07  4.57540E-05  0.00000E+00  0.00000E+00  0.00000E+00  0.00000E+00  5.82898E-03  0.00000E+00  0.00000E+00  5.29177E-03  4.40840E-03  0.00000E+00  0.00000E+00  5.84134E-03  5.31696E-03  5.99952E-03  0.00000E+00  0.00000E+00  2.39997E-02  2.41135E-02  2.40234E-02  7.95081E-05
 OMEGA(6,5)    0.00000E+00  0.00000E+00  0.00000E+00 -2.95754E-04 -1.37871E-02  1.28881E-04 -3.07275E-05 -9.14832E-05 -2.19089E-04  1.04305E-06  2.81375E-05  0.00000E+00  0.00000E+00  0.00000E+00  0.00000E+00  5.69679E-03  0.00000E+00  0.00000E+00  5.35635E-03  4.71721E-03  0.00000E+00  0.00000E+00  6.06404E-03  5.69511E-03  6.51801E-03  0.00000E+00  0.00000E+00  2.40218E-02  2.40234E-02  2.43025E-02  1.40108E-04
 OMEGA(6,6)    0.00000E+00  0.00000E+00  0.00000E+00 -7.32684E-05 -5.27908E-03 -2.71596E-04  1.37451E-05 -2.37439E-06 -1.77574E-06 -1.54148E-06  2.01327E-05  0.00000E+00  0.00000E+00  0.00000E+00  0.00000E+00  9.71261E-05  0.00000E+00  0.00000E+00  1.34814E-04  1.76113E-04  0.00000E+00  0.00000E+00  4.86182E-05  9.07330E-05 -6.21210E-06  0.00000E+00  0.00000E+00  1.48150E-04  7.95081E-05  1.40108E-04  3.01148E-04
