TABLE NO.     2: Objective Function Evaluation by Importance/MAP Sampling (No Prior): Problem=1 Subproblem=0 Superproblem1=0 Iteration1=0 Superproblem2=0 Iteration2=0
 NAME         THETA1       THETA2       THETA3       THETA4       THETA5       THETA6       THETA7       SIGMA(1,1)   OMEGA(1,1)   OMEGA(2,1)   OMEGA(2,2)   OMEGA(3,1)   OMEGA(3,2)   OMEGA(3,3)   OMEGA(4,1)   OMEGA(4,2)   OMEGA(4,3)   OMEGA(4,4)   OMEGA(5,1)   OMEGA(5,2)   OMEGA(5,3)   OMEGA(5,4)   OMEGA(5,5)   OMEGA(6,1)   OMEGA(6,2)   OMEGA(6,3)   OMEGA(6,4)   OMEGA(6,5)   OMEGA(6,6)
 THETA1        0.00000E+00  0.00000E+00  0.00000E+00  0.00000E+00  0.00000E+00  0.00000E+00  0.00000E+00  0.00000E+00  0.00000E+00  0.00000E+00  0.00000E+00  0.00000E+00  0.00000E+00  0.00000E+00  0.00000E+00  0.00000E+00  0.00000E+00  0.00000E+00  0.00000E+00  0.00000E+00  0.00000E+00  0.00000E+00  0.00000E+00  0.00000E+00  0.00000E+00  0.00000E+00  0.00000E+00  0.00000E+00  0.00000E+00
 THETA2        0.00000E+00  3.18443E+01 -6.34101E-01  6.08573E+00 -1.66490E+01  6.89226E+00 -5.20161E+01  2.01369E+02  2.48484E+01  0.00000E+00  0.00000E+00  0.00000E+00  0.00000E+00  1.93864E+01  0.00000E+00  0.00000E+00 -4.16509E+01  1.30960E+01  0.00000E+00  0.00000E+00 -6.05708E-01  1.95552E+01 -9.75083E+00  0.00000E+00  0.00000E+00  9.50875E+00 -4.73966E+00 -4.64922E+00 -1.58464E+00
 THETA3        0.00000E+00 -6.34101E-01  5.63127E-02  6.09921E-01  4.49728E+00 -1.01232E+00 -7.71683E-01 -7.84487E+00 -4.06020E-01  0.00000E+00  0.00000E+00  0.00000E+00  0.00000E+00 -4.68504E-01  0.00000E+00  0.00000E+00 -1.59363E-01  4.75126E-01  0.00000E+00  0.00000E+00  1.04899E+00 -8.45108E-01 -9.10134E-02  0.00000E+00  0.00000E+00 -2.49835E-01  5.42247E-01 -2.71789E-01  1.51917E+00
 THETA4        0.00000E+00  6.08573E+00  6.09921E-01  3.94212E+02 -1.25744E+03  7.82811E+02 -4.98598E+01  8.42917E+02  7.93833E+01  0.00000E+00  0.00000E+00  0.00000E+00  0.00000E+00  2.49327E+00  0.00000E+00  0.00000E+00  2.26803E+01  1.25258E+01  0.00000E+00  0.00000E+00 -3.27803E+01 -5.18192E+01  4.07693E+01  0.00000E+00  0.00000E+00  5.83679E+01  5.26047E+01 -1.08134E+02  4.29737E+02
 THETA5        0.00000E+00 -1.66490E+01  4.49728E+00 -1.25744E+03  5.24228E+04 -5.60318E+03  1.58456E+02 -5.44474E+03  1.80766E+02  0.00000E+00  0.00000E+00  0.00000E+00  0.00000E+00 -4.81132E+02  0.00000E+00  0.00000E+00 -1.33367E+02  3.98583E+02  0.00000E+00  0.00000E+00  1.05965E+03 -6.58414E+02 -1.63573E+02  0.00000E+00  0.00000E+00 -1.03659E+03  4.83658E+02  5.91612E+02 -3.31303E+03
 THETA6        0.00000E+00  6.89226E+00 -1.01232E+00  7.82811E+02 -5.60318E+03  5.09977E+03 -1.35514E+03 -9.67832E+02  3.93841E+02  0.00000E+00  0.00000E+00  0.00000E+00  0.00000E+00  1.38083E+02  0.00000E+00  0.00000E+00  9.67661E+01 -2.10679E+02  0.00000E+00  0.00000E+00 -3.90252E+02  3.09870E+02  3.41093E+01  0.00000E+00  0.00000E+00  1.97143E+02 -1.90501E+02  1.79142E+01  8.27680E+02
 THETA7        0.00000E+00 -5.20161E+01 -7.71683E-01 -4.98598E+01  1.58456E+02 -1.35514E+03  3.50524E+03 -2.83221E+01 -2.54272E+02  0.00000E+00  0.00000E+00  0.00000E+00  0.00000E+00  8.23949E+01  0.00000E+00  0.00000E+00 -8.66360E+01  4.64191E+01  0.00000E+00  0.00000E+00 -7.68074E+01 -8.84720E+00  4.52362E+01  0.00000E+00  0.00000E+00 -1.47845E+02  3.09758E+02 -1.59806E+02  9.24541E+01
 SIGMA(1,1)    0.00000E+00  2.01369E+02 -7.84487E+00  8.42917E+02 -5.44474E+03 -9.67832E+02 -2.83221E+01  7.08642E+05  1.88913E+04  0.00000E+00  0.00000E+00  0.00000E+00  0.00000E+00  2.65408E+03  0.00000E+00  0.00000E+00 -2.06199E+03  2.43243E+03  0.00000E+00  0.00000E+00 -3.48416E+03 -2.84641E+03  3.15107E+03  0.00000E+00  0.00000E+00  5.92169E+02  6.67248E+02 -1.26432E+03  3.53968E+03
 OMEGA(1,1)    0.00000E+00  2.48484E+01 -4.06020E-01  7.93833E+01  1.80766E+02  3.93841E+02 -2.54272E+02  1.88913E+04  7.28743E+03  0.00000E+00  0.00000E+00  0.00000E+00  0.00000E+00  1.38090E+02  0.00000E+00  0.00000E+00  3.32491E+02 -2.57158E+01  0.00000E+00  0.00000E+00 -5.98162E+02 -2.52796E+02  4.18609E+02  0.00000E+00  0.00000E+00 -1.12703E+02 -3.85700E+02  4.84847E+02 -4.02327E+02
 OMEGA(2,1)    0.00000E+00  0.00000E+00  0.00000E+00  0.00000E+00  0.00000E+00  0.00000E+00  0.00000E+00  0.00000E+00  0.00000E+00  0.00000E+00  0.00000E+00  0.00000E+00  0.00000E+00  0.00000E+00  0.00000E+00  0.00000E+00  0.00000E+00  0.00000E+00  0.00000E+00  0.00000E+00  0.00000E+00  0.00000E+00  0.00000E+00  0.00000E+00  0.00000E+00  0.00000E+00  0.00000E+00  0.00000E+00  0.00000E+00
 OMEGA(2,2)    0.00000E+00  0.00000E+00  0.00000E+00  0.00000E+00  0.00000E+00  0.00000E+00  0.00000E+00  0.00000E+00  0.00000E+00  0.00000E+00  0.00000E+00  0.00000E+00  0.00000E+00  0.00000E+00  0.00000E+00  0.00000E+00  0.00000E+00  0.00000E+00  0.00000E+00  0.00000E+00  0.00000E+00  0.00000E+00  0.00000E+00  0.00000E+00  0.00000E+00  0.00000E+00  0.00000E+00  0.00000E+00  0.00000E+00
 OMEGA(3,1)    0.00000E+00  0.00000E+00  0.00000E+00  0.00000E+00  0.00000E+00  0.00000E+00  0.00000E+00  0.00000E+00  0.00000E+00  0.00000E+00  0.00000E+00  0.00000E+00  0.00000E+00  0.00000E+00  0.00000E+00  0.00000E+00  0.00000E+00  0.00000E+00  0.00000E+00  0.00000E+00  0.00000E+00  0.00000E+00  0.00000E+00  0.00000E+00  0.00000E+00  0.00000E+00  0.00000E+00  0.00000E+00  0.00000E+00
 OMEGA(3,2)    0.00000E+00  0.00000E+00  0.00000E+00  0.00000E+00  0.00000E+00  0.00000E+00  0.00000E+00  0.00000E+00  0.00000E+00  0.00000E+00  0.00000E+00  0.00000E+00  0.00000E+00  0.00000E+00  0.00000E+00  0.00000E+00  0.00000E+00  0.00000E+00  0.00000E+00  0.00000E+00  0.00000E+00  0.00000E+00  0.00000E+00  0.00000E+00  0.00000E+00  0.00000E+00  0.00000E+00  0.00000E+00  0.00000E+00
 OMEGA(3,3)    0.00000E+00  1.93864E+01 -4.68504E-01  2.49327E+00 -4.81132E+02  1.38083E+02  8.23949E+01  2.65408E+03  1.38090E+02  0.00000E+00  0.00000E+00  0.00000E+00  0.00000E+00  2.03015E+03  0.00000E+00  0.00000E+00 -2.80639E+03  9.84955E+02  0.00000E+00  0.00000E+00 -1.24902E+03  8.53939E+02  1.95224E+02  0.00000E+00  0.00000E+00 -6.23054E+02  3.94515E+02  2.28418E+02  1.05978E+02
 OMEGA(4,1)    0.00000E+00  0.00000E+00  0.00000E+00  0.00000E+00  0.00000E+00  0.00000E+00  0.00000E+00  0.00000E+00  0.00000E+00  0.00000E+00  0.00000E+00  0.00000E+00  0.00000E+00  0.00000E+00  0.00000E+00  0.00000E+00  0.00000E+00  0.00000E+00  0.00000E+00  0.00000E+00  0.00000E+00  0.00000E+00  0.00000E+00  0.00000E+00  0.00000E+00  0.00000E+00  0.00000E+00  0.00000E+00  0.00000E+00
 OMEGA(4,2)    0.00000E+00  0.00000E+00  0.00000E+00  0.00000E+00  0.00000E+00  0.00000E+00  0.00000E+00  0.00000E+00  0.00000E+00  0.00000E+00  0.00000E+00  0.00000E+00  0.00000E+00  0.00000E+00  0.00000E+00  0.00000E+00  0.00000E+00  0.00000E+00  0.00000E+00  0.00000E+00  0.00000E+00  0.00000E+00  0.00000E+00  0.00000E+00  0.00000E+00  0.00000E+00  0.00000E+00  0.00000E+00  0.00000E+00
 OMEGA(4,3)    0.00000E+00 -4.16509E+01 -1.59363E-01  2.26803E+01 -1.33367E+02  9.67661E+01 -8.66360E+01 -2.06199E+03  3.32491E+02  0.00000E+00  0.00000E+00  0.00000E+00  0.00000E+00 -2.80639E+03  0.00000E+00  0.00000E+00  6.40863E+03 -2.98800E+03  0.00000E+00  0.00000E+00 -7.60503E+02 -4.56715E+02  6.04137E+02  0.00000E+00  0.00000E+00  5.21141E+02 -9.12628E+02  3.61376E+02 -1.84198E+02
 OMEGA(4,4)    0.00000E+00  1.30960E+01  4.75126E-01  1.25258E+01  3.98583E+02 -2.10679E+02  4.64191E+01  2.43243E+03 -2.57158E+01  0.00000E+00  0.00000E+00  0.00000E+00  0.00000E+00  9.84955E+02  0.00000E+00  0.00000E+00 -2.98800E+03  2.18403E+03  0.00000E+00  0.00000E+00  9.98613E+02 -1.35696E+03  1.82808E+02  0.00000E+00  0.00000E+00 -1.78229E+02  6.46141E+02 -4.46451E+02  1.62810E+02
 OMEGA(5,1)    0.00000E+00  0.00000E+00  0.00000E+00  0.00000E+00  0.00000E+00  0.00000E+00  0.00000E+00  0.00000E+00  0.00000E+00  0.00000E+00  0.00000E+00  0.00000E+00  0.00000E+00  0.00000E+00  0.00000E+00  0.00000E+00  0.00000E+00  0.00000E+00  0.00000E+00  0.00000E+00  0.00000E+00  0.00000E+00  0.00000E+00  0.00000E+00  0.00000E+00  0.00000E+00  0.00000E+00  0.00000E+00  0.00000E+00
 OMEGA(5,2)    0.00000E+00  0.00000E+00  0.00000E+00  0.00000E+00  0.00000E+00  0.00000E+00  0.00000E+00  0.00000E+00  0.00000E+00  0.00000E+00  0.00000E+00  0.00000E+00  0.00000E+00  0.00000E+00  0.00000E+00  0.00000E+00  0.00000E+00  0.00000E+00  0.00000E+00  0.00000E+00  0.00000E+00  0.00000E+00  0.00000E+00  0.00000E+00  0.00000E+00  0.00000E+00  0.00000E+00  0.00000E+00  0.00000E+00
 OMEGA(5,3)    0.00000E+00 -6.05708E-01  1.04899E+00 -3.27803E+01  1.05965E+03 -3.90252E+02 -7.68074E+01 -3.48416E+03 -5.98162E+02  0.00000E+00  0.00000E+00  0.00000E+00  0.00000E+00 -1.24902E+03  0.00000E+00  0.00000E+00 -7.60503E+02  9.98613E+02  0.00000E+00  0.00000E+00  3.24494E+03 -1.24908E+03 -9.89918E+02  0.00000E+00  0.00000E+00  7.25456E+02  1.05034E+02 -8.03996E+02 -4.61323E+01
 OMEGA(5,4)    0.00000E+00  1.95552E+01 -8.45108E-01 -5.18192E+01 -6.58414E+02  3.09870E+02 -8.84720E+00 -2.84641E+03 -2.52796E+02  0.00000E+00  0.00000E+00  0.00000E+00  0.00000E+00  8.53939E+02  0.00000E+00  0.00000E+00 -4.56715E+02 -1.35696E+03  0.00000E+00  0.00000E+00 -1.24908E+03  3.18682E+03 -9.73444E+02  0.00000E+00  0.00000E+00 -1.62798E+02 -3.72846E+02  5.20155E+02 -1.53221E+02
 OMEGA(5,5)    0.00000E+00 -9.75083E+00 -9.10134E-02  4.07693E+01 -1.63573E+02  3.41093E+01  4.52362E+01  3.15107E+03  4.18609E+02  0.00000E+00  0.00000E+00  0.00000E+00  0.00000E+00  1.95224E+02  0.00000E+00  0.00000E+00  6.04137E+02  1.82808E+02  0.00000E+00  0.00000E+00 -9.89918E+02 -9.73444E+02  9.84746E+02  0.00000E+00  0.00000E+00 -2.72104E+02  1.31650E+02  1.33830E+02  9.87448E+01
 OMEGA(6,1)    0.00000E+00  0.00000E+00  0.00000E+00  0.00000E+00  0.00000E+00  0.00000E+00  0.00000E+00  0.00000E+00  0.00000E+00  0.00000E+00  0.00000E+00  0.00000E+00  0.00000E+00  0.00000E+00  0.00000E+00  0.00000E+00  0.00000E+00  0.00000E+00  0.00000E+00  0.00000E+00  0.00000E+00  0.00000E+00  0.00000E+00  0.00000E+00  0.00000E+00  0.00000E+00  0.00000E+00  0.00000E+00  0.00000E+00
 OMEGA(6,2)    0.00000E+00  0.00000E+00  0.00000E+00  0.00000E+00  0.00000E+00  0.00000E+00  0.00000E+00  0.00000E+00  0.00000E+00  0.00000E+00  0.00000E+00  0.00000E+00  0.00000E+00  0.00000E+00  0.00000E+00  0.00000E+00  0.00000E+00  0.00000E+00  0.00000E+00  0.00000E+00  0.00000E+00  0.00000E+00  0.00000E+00  0.00000E+00  0.00000E+00  0.00000E+00  0.00000E+00  0.00000E+00  0.00000E+00
 OMEGA(6,3)    0.00000E+00  9.50875E+00 -2.49835E-01  5.83679E+01 -1.03659E+03  1.97143E+02 -1.47845E+02  5.92169E+02 -1.12703E+02  0.00000E+00  0.00000E+00  0.00000E+00  0.00000E+00 -6.23054E+02  0.00000E+00  0.00000E+00  5.21141E+02 -1.78229E+02  0.00000E+00  0.00000E+00  7.25456E+02 -1.62798E+02 -2.72104E+02  0.00000E+00  0.00000E+00  4.14087E+03 -3.05910E+03 -1.06769E+03 -7.50123E+02
 OMEGA(6,4)    0.00000E+00 -4.73966E+00  5.42247E-01  5.26047E+01  4.83658E+02 -1.90501E+02  3.09758E+02  6.67248E+02 -3.85700E+02  0.00000E+00  0.00000E+00  0.00000E+00  0.00000E+00  3.94515E+02  0.00000E+00  0.00000E+00 -9.12628E+02  6.46141E+02  0.00000E+00  0.00000E+00  1.05034E+02 -3.72846E+02  1.31650E+02  0.00000E+00  0.00000E+00 -3.05910E+03  5.40927E+03 -2.32325E+03  1.32313E+03
 OMEGA(6,5)    0.00000E+00 -4.64922E+00 -2.71789E-01 -1.08134E+02  5.91612E+02  1.79142E+01 -1.59806E+02 -1.26432E+03  4.84847E+02  0.00000E+00  0.00000E+00  0.00000E+00  0.00000E+00  2.28418E+02  0.00000E+00  0.00000E+00  3.61376E+02 -4.46451E+02  0.00000E+00  0.00000E+00 -8.03996E+02  5.20155E+02  1.33830E+02  0.00000E+00  0.00000E+00 -1.06769E+03 -2.32325E+03  3.39304E+03 -5.81676E+02
 OMEGA(6,6)    0.00000E+00 -1.58464E+00  1.51917E+00  4.29737E+02 -3.31303E+03  8.27680E+02  9.24541E+01  3.53968E+03 -4.02327E+02  0.00000E+00  0.00000E+00  0.00000E+00  0.00000E+00  1.05978E+02  0.00000E+00  0.00000E+00 -1.84198E+02  1.62810E+02  0.00000E+00  0.00000E+00 -4.61323E+01 -1.53221E+02  9.87448E+01  0.00000E+00  0.00000E+00 -7.50123E+02  1.32313E+03 -5.81676E+02  4.21575E+03
