TABLE NO.     2: Objective Function Evaluation by Importance/MAP Sampling (No Prior): Problem=1 Subproblem=0 Superproblem1=0 Iteration1=0 Superproblem2=0 Iteration2=0
 NAME         THETA1       THETA2       THETA3       THETA4       THETA5       THETA6       THETA7       SIGMA(1,1)   OMEGA(1,1)   OMEGA(2,1)   OMEGA(2,2)   OMEGA(3,1)   OMEGA(3,2)   OMEGA(3,3)   OMEGA(4,1)   OMEGA(4,2)   OMEGA(4,3)   OMEGA(4,4)   OMEGA(5,1)   OMEGA(5,2)   OMEGA(5,3)   OMEGA(5,4)   OMEGA(5,5)   OMEGA(6,1)   OMEGA(6,2)   OMEGA(6,3)   OMEGA(6,4)   OMEGA(6,5)   OMEGA(6,6)
 THETA1        0.00000E+00  0.00000E+00  0.00000E+00  0.00000E+00  0.00000E+00  0.00000E+00  0.00000E+00  0.00000E+00  0.00000E+00  0.00000E+00  0.00000E+00  0.00000E+00  0.00000E+00  0.00000E+00  0.00000E+00  0.00000E+00  0.00000E+00  0.00000E+00  0.00000E+00  0.00000E+00  0.00000E+00  0.00000E+00  0.00000E+00  0.00000E+00  0.00000E+00  0.00000E+00  0.00000E+00  0.00000E+00  0.00000E+00
 THETA2        0.00000E+00  4.72986E-02  6.01633E-01 -3.17506E-03 -2.96342E-05  8.50111E-04  1.10589E-03  3.01825E-06 -1.40042E-04  0.00000E+00  0.00000E+00  0.00000E+00  0.00000E+00  1.10166E-02  0.00000E+00  0.00000E+00  2.21100E-03 -7.13214E-03  0.00000E+00  0.00000E+00  5.92881E-03 -3.30341E-03  1.08421E-03  0.00000E+00  0.00000E+00 -3.82788E-04 -2.97417E-04 -3.03921E-04 -1.07889E-04
 THETA3        0.00000E+00  6.01633E-01  2.68423E+01 -9.59328E-02 -2.11270E-03  2.43534E-02  2.28584E-02  3.46035E-04 -1.93956E-03  0.00000E+00  0.00000E+00  0.00000E+00  0.00000E+00  1.84728E-01  0.00000E+00  0.00000E+00  7.38252E-02 -4.40456E-02  0.00000E+00  0.00000E+00  8.40056E-02 -2.74356E-02 -5.85305E-03  0.00000E+00  0.00000E+00 -1.19822E-02 -1.13940E-02 -1.28978E-02 -7.07970E-03
 THETA4        0.00000E+00 -3.17506E-03 -9.59328E-02  4.54534E-03  2.08809E-05 -7.21652E-04 -2.78248E-04 -3.95626E-06 -1.59495E-05  0.00000E+00  0.00000E+00  0.00000E+00  0.00000E+00 -4.54340E-04  0.00000E+00  0.00000E+00  7.05386E-05  6.36241E-04  0.00000E+00  0.00000E+00  2.17958E-04  8.54001E-04  8.26168E-04  0.00000E+00  0.00000E+00  8.48138E-05  1.53894E-04  2.02208E-04 -2.65269E-04
 THETA5        0.00000E+00 -2.96342E-05 -2.11270E-03  2.08809E-05  2.33062E-05  2.08926E-05  6.28549E-06  1.23122E-07 -1.72837E-06  0.00000E+00  0.00000E+00  0.00000E+00  0.00000E+00  6.83052E-05  0.00000E+00  0.00000E+00  3.50723E-05  4.22691E-06  0.00000E+00  0.00000E+00 -4.75845E-05 -7.34073E-05 -1.53636E-04  0.00000E+00  0.00000E+00 -2.33635E-05 -3.21427E-05 -3.18239E-05  1.40312E-05
 THETA6        0.00000E+00  8.50111E-04  2.43534E-02 -7.21652E-04  2.08926E-05  3.81605E-04  1.53086E-04  2.01847E-06 -1.53697E-05  0.00000E+00  0.00000E+00  0.00000E+00  0.00000E+00  4.85737E-04  0.00000E+00  0.00000E+00  2.95491E-04  9.51547E-05  0.00000E+00  0.00000E+00  2.36307E-04 -1.08267E-05 -4.59502E-05  0.00000E+00  0.00000E+00 -2.14200E-04 -2.08672E-04 -2.18252E-04 -2.35510E-06
 THETA7        0.00000E+00  1.10589E-03  2.28584E-02 -2.78248E-04  6.28549E-06  1.53086E-04  3.63709E-04  6.68335E-07  1.79695E-06  0.00000E+00  0.00000E+00  0.00000E+00  0.00000E+00  3.16395E-04  0.00000E+00  0.00000E+00  1.44801E-04 -4.56718E-05  0.00000E+00  0.00000E+00  1.09102E-04 -1.01130E-04 -1.32239E-04  0.00000E+00  0.00000E+00 -1.01618E-04 -1.09768E-04 -9.51317E-05 -8.94298E-06
 SIGMA(1,1)    0.00000E+00  3.01825E-06  3.46035E-04 -3.95626E-06  1.23122E-07  2.01847E-06  6.68335E-07  1.56800E-06 -4.08805E-06  0.00000E+00  0.00000E+00  0.00000E+00  0.00000E+00  2.69958E-05  0.00000E+00  0.00000E+00  2.10933E-05  1.30306E-05  0.00000E+00  0.00000E+00  1.82394E-05  1.06397E-05  4.81969E-06  0.00000E+00  0.00000E+00 -1.60879E-06 -6.92437E-07 -2.98840E-08 -1.60105E-06
 OMEGA(1,1)    0.00000E+00 -1.40042E-04 -1.93956E-03 -1.59495E-05 -1.72837E-06 -1.53697E-05  1.79695E-06 -4.08805E-06  1.55508E-04  0.00000E+00  0.00000E+00  0.00000E+00  0.00000E+00 -1.55279E-04  0.00000E+00  0.00000E+00 -1.93975E-04 -2.25808E-04  0.00000E+00  0.00000E+00 -3.86084E-06 -4.10153E-05  9.44580E-05  0.00000E+00  0.00000E+00  4.55319E-05  4.41792E-05  2.70125E-05  2.05315E-05
 OMEGA(2,1)    0.00000E+00  0.00000E+00  0.00000E+00  0.00000E+00  0.00000E+00  0.00000E+00  0.00000E+00  0.00000E+00  0.00000E+00  0.00000E+00  0.00000E+00  0.00000E+00  0.00000E+00  0.00000E+00  0.00000E+00  0.00000E+00  0.00000E+00  0.00000E+00  0.00000E+00  0.00000E+00  0.00000E+00  0.00000E+00  0.00000E+00  0.00000E+00  0.00000E+00  0.00000E+00  0.00000E+00  0.00000E+00  0.00000E+00
 OMEGA(2,2)    0.00000E+00  0.00000E+00  0.00000E+00  0.00000E+00  0.00000E+00  0.00000E+00  0.00000E+00  0.00000E+00  0.00000E+00  0.00000E+00  0.00000E+00  0.00000E+00  0.00000E+00  0.00000E+00  0.00000E+00  0.00000E+00  0.00000E+00  0.00000E+00  0.00000E+00  0.00000E+00  0.00000E+00  0.00000E+00  0.00000E+00  0.00000E+00  0.00000E+00  0.00000E+00  0.00000E+00  0.00000E+00  0.00000E+00
 OMEGA(3,1)    0.00000E+00  0.00000E+00  0.00000E+00  0.00000E+00  0.00000E+00  0.00000E+00  0.00000E+00  0.00000E+00  0.00000E+00  0.00000E+00  0.00000E+00  0.00000E+00  0.00000E+00  0.00000E+00  0.00000E+00  0.00000E+00  0.00000E+00  0.00000E+00  0.00000E+00  0.00000E+00  0.00000E+00  0.00000E+00  0.00000E+00  0.00000E+00  0.00000E+00  0.00000E+00  0.00000E+00  0.00000E+00  0.00000E+00
 OMEGA(3,2)    0.00000E+00  0.00000E+00  0.00000E+00  0.00000E+00  0.00000E+00  0.00000E+00  0.00000E+00  0.00000E+00  0.00000E+00  0.00000E+00  0.00000E+00  0.00000E+00  0.00000E+00  0.00000E+00  0.00000E+00  0.00000E+00  0.00000E+00  0.00000E+00  0.00000E+00  0.00000E+00  0.00000E+00  0.00000E+00  0.00000E+00  0.00000E+00  0.00000E+00  0.00000E+00  0.00000E+00  0.00000E+00  0.00000E+00
 OMEGA(3,3)    0.00000E+00  1.10166E-02  1.84728E-01 -4.54340E-04  6.83052E-05  4.85737E-04  3.16395E-04  2.69958E-05 -1.55279E-04  0.00000E+00  0.00000E+00  0.00000E+00  0.00000E+00  1.34809E-01  0.00000E+00  0.00000E+00  7.04418E-02  6.46050E-03  0.00000E+00  0.00000E+00  7.62188E-02  1.19139E-02  1.73789E-02  0.00000E+00  0.00000E+00  5.97349E-03  6.05155E-03  5.92270E-03  1.77941E-04
 OMEGA(4,1)    0.00000E+00  0.00000E+00  0.00000E+00  0.00000E+00  0.00000E+00  0.00000E+00  0.00000E+00  0.00000E+00  0.00000E+00  0.00000E+00  0.00000E+00  0.00000E+00  0.00000E+00  0.00000E+00  0.00000E+00  0.00000E+00  0.00000E+00  0.00000E+00  0.00000E+00  0.00000E+00  0.00000E+00  0.00000E+00  0.00000E+00  0.00000E+00  0.00000E+00  0.00000E+00  0.00000E+00  0.00000E+00  0.00000E+00
 OMEGA(4,2)    0.00000E+00  0.00000E+00  0.00000E+00  0.00000E+00  0.00000E+00  0.00000E+00  0.00000E+00  0.00000E+00  0.00000E+00  0.00000E+00  0.00000E+00  0.00000E+00  0.00000E+00  0.00000E+00  0.00000E+00  0.00000E+00  0.00000E+00  0.00000E+00  0.00000E+00  0.00000E+00  0.00000E+00  0.00000E+00  0.00000E+00  0.00000E+00  0.00000E+00  0.00000E+00  0.00000E+00  0.00000E+00  0.00000E+00
 OMEGA(4,3)    0.00000E+00  2.21100E-03  7.38252E-02  7.05386E-05  3.50723E-05  2.95491E-04  1.44801E-04  2.10933E-05 -1.93975E-04  0.00000E+00  0.00000E+00  0.00000E+00  0.00000E+00  7.04418E-02  0.00000E+00  0.00000E+00  6.46259E-02  5.84564E-02  0.00000E+00  0.00000E+00  4.54385E-02  3.91889E-02  1.99618E-02  0.00000E+00  0.00000E+00  5.09995E-03  5.20876E-03  5.28089E-03  1.47797E-04
 OMEGA(4,4)    0.00000E+00 -7.13214E-03 -4.40456E-02  6.36241E-04  4.22691E-06  9.51547E-05 -4.56718E-05  1.30306E-05 -2.25808E-04  0.00000E+00  0.00000E+00  0.00000E+00  0.00000E+00  6.46050E-03  0.00000E+00  0.00000E+00  5.84564E-02  1.10061E-01  0.00000E+00  0.00000E+00  1.45300E-02  6.59716E-02  2.21536E-02  0.00000E+00  0.00000E+00  4.07622E-03  4.13907E-03  4.45474E-03  1.21428E-04
 OMEGA(5,1)    0.00000E+00  0.00000E+00  0.00000E+00  0.00000E+00  0.00000E+00  0.00000E+00  0.00000E+00  0.00000E+00  0.00000E+00  0.00000E+00  0.00000E+00  0.00000E+00  0.00000E+00  0.00000E+00  0.00000E+00  0.00000E+00  0.00000E+00  0.00000E+00  0.00000E+00  0.00000E+00  0.00000E+00  0.00000E+00  0.00000E+00  0.00000E+00  0.00000E+00  0.00000E+00  0.00000E+00  0.00000E+00  0.00000E+00
 OMEGA(5,2)    0.00000E+00  0.00000E+00  0.00000E+00  0.00000E+00  0.00000E+00  0.00000E+00  0.00000E+00  0.00000E+00  0.00000E+00  0.00000E+00  0.00000E+00  0.00000E+00  0.00000E+00  0.00000E+00  0.00000E+00  0.00000E+00  0.00000E+00  0.00000E+00  0.00000E+00  0.00000E+00  0.00000E+00  0.00000E+00  0.00000E+00  0.00000E+00  0.00000E+00  0.00000E+00  0.00000E+00  0.00000E+00  0.00000E+00
 OMEGA(5,3)    0.00000E+00  5.92881E-03  8.40056E-02  2.17958E-04 -4.75845E-05  2.36307E-04  1.09102E-04  1.82394E-05 -3.86084E-06  0.00000E+00  0.00000E+00  0.00000E+00  0.00000E+00  7.62188E-02  0.00000E+00  0.00000E+00  4.54385E-02  1.45300E-02  0.00000E+00  0.00000E+00  9.79453E-02  6.69363E-02  1.18848E-01  0.00000E+00  0.00000E+00  6.43020E-03  6.78725E-03  6.92081E-03  4.57402E-05
 OMEGA(5,4)    0.00000E+00 -3.30341E-03 -2.74356E-02  8.54001E-04 -7.34073E-05 -1.08267E-05 -1.01130E-04  1.06397E-05 -4.10153E-05  0.00000E+00  0.00000E+00  0.00000E+00  0.00000E+00  1.19139E-02  0.00000E+00  0.00000E+00  3.91889E-02  6.59716E-02  0.00000E+00  0.00000E+00  6.69363E-02  9.41856E-02  1.21562E-01  0.00000E+00  0.00000E+00  5.75891E-03  6.07111E-03  6.34354E-03  2.32222E-05
 OMEGA(5,5)    0.00000E+00  1.08421E-03 -5.85305E-03  8.26168E-04 -1.53636E-04 -4.59502E-05 -1.32239E-04  4.81969E-06  9.44580E-05  0.00000E+00  0.00000E+00  0.00000E+00  0.00000E+00  1.73789E-02  0.00000E+00  0.00000E+00  1.99618E-02  2.21536E-02  0.00000E+00  0.00000E+00  1.18848E-01  1.21562E-01  2.20633E-01  0.00000E+00  0.00000E+00  7.27440E-03  7.78089E-03  8.08073E-03 -8.76949E-05
 OMEGA(6,1)    0.00000E+00  0.00000E+00  0.00000E+00  0.00000E+00  0.00000E+00  0.00000E+00  0.00000E+00  0.00000E+00  0.00000E+00  0.00000E+00  0.00000E+00  0.00000E+00  0.00000E+00  0.00000E+00  0.00000E+00  0.00000E+00  0.00000E+00  0.00000E+00  0.00000E+00  0.00000E+00  0.00000E+00  0.00000E+00  0.00000E+00  0.00000E+00  0.00000E+00  0.00000E+00  0.00000E+00  0.00000E+00  0.00000E+00
 OMEGA(6,2)    0.00000E+00  0.00000E+00  0.00000E+00  0.00000E+00  0.00000E+00  0.00000E+00  0.00000E+00  0.00000E+00  0.00000E+00  0.00000E+00  0.00000E+00  0.00000E+00  0.00000E+00  0.00000E+00  0.00000E+00  0.00000E+00  0.00000E+00  0.00000E+00  0.00000E+00  0.00000E+00  0.00000E+00  0.00000E+00  0.00000E+00  0.00000E+00  0.00000E+00  0.00000E+00  0.00000E+00  0.00000E+00  0.00000E+00
 OMEGA(6,3)    0.00000E+00 -3.82788E-04 -1.19822E-02  8.48138E-05 -2.33635E-05 -2.14200E-04 -1.01618E-04 -1.60879E-06  4.55319E-05  0.00000E+00  0.00000E+00  0.00000E+00  0.00000E+00  5.97349E-03  0.00000E+00  0.00000E+00  5.09995E-03  4.07622E-03  0.00000E+00  0.00000E+00  6.43020E-03  5.75891E-03  7.27440E-03  0.00000E+00  0.00000E+00  2.43038E-02  2.41051E-02  2.41158E-02  1.38074E-04
 OMEGA(6,4)    0.00000E+00 -2.97417E-04 -1.13940E-02  1.53894E-04 -3.21427E-05 -2.08672E-04 -1.09768E-04 -6.92437E-07  4.41792E-05  0.00000E+00  0.00000E+00  0.00000E+00  0.00000E+00  6.05155E-03  0.00000E+00  0.00000E+00  5.20876E-03  4.13907E-03  0.00000E+00  0.00000E+00  6.78725E-03  6.07111E-03  7.78089E-03  0.00000E+00  0.00000E+00  2.41051E-02  2.42075E-02  2.41221E-02  5.92529E-05
 OMEGA(6,5)    0.00000E+00 -3.03921E-04 -1.28978E-02  2.02208E-04 -3.18239E-05 -2.18252E-04 -9.51317E-05 -2.98840E-08  2.70125E-05  0.00000E+00  0.00000E+00  0.00000E+00  0.00000E+00  5.92270E-03  0.00000E+00  0.00000E+00  5.28089E-03  4.45474E-03  0.00000E+00  0.00000E+00  6.92081E-03  6.34354E-03  8.08073E-03  0.00000E+00  0.00000E+00  2.41158E-02  2.41221E-02  2.43974E-02  1.19733E-04
 OMEGA(6,6)    0.00000E+00 -1.07889E-04 -7.07970E-03 -2.65269E-04  1.40312E-05 -2.35510E-06 -8.94298E-06 -1.60105E-06  2.05315E-05  0.00000E+00  0.00000E+00  0.00000E+00  0.00000E+00  1.77941E-04  0.00000E+00  0.00000E+00  1.47797E-04  1.21428E-04  0.00000E+00  0.00000E+00  4.57402E-05  2.32222E-05 -8.76949E-05  0.00000E+00  0.00000E+00  1.38074E-04  5.92529E-05  1.19733E-04  3.04931E-04
