TABLE NO.     2: Objective Function Evaluation by Importance/MAP Sampling (No Prior): Problem=1 Subproblem=0 Superproblem1=0 Iteration1=0 Superproblem2=0 Iteration2=0
 NAME         THETA1       THETA2       THETA3       THETA4       THETA5       THETA6       THETA7       SIGMA(1,1)   OMEGA(1,1)   OMEGA(2,1)   OMEGA(2,2)   OMEGA(3,1)   OMEGA(3,2)   OMEGA(3,3)   OMEGA(4,1)   OMEGA(4,2)   OMEGA(4,3)   OMEGA(4,4)   OMEGA(5,1)   OMEGA(5,2)   OMEGA(5,3)   OMEGA(5,4)   OMEGA(5,5)   OMEGA(6,1)   OMEGA(6,2)   OMEGA(6,3)   OMEGA(6,4)   OMEGA(6,5)   OMEGA(6,6)
 THETA1        0.00000E+00  0.00000E+00  0.00000E+00  0.00000E+00  0.00000E+00  0.00000E+00  0.00000E+00  0.00000E+00  0.00000E+00  0.00000E+00  0.00000E+00  0.00000E+00  0.00000E+00  0.00000E+00  0.00000E+00  0.00000E+00  0.00000E+00  0.00000E+00  0.00000E+00  0.00000E+00  0.00000E+00  0.00000E+00  0.00000E+00  0.00000E+00  0.00000E+00  0.00000E+00  0.00000E+00  0.00000E+00  0.00000E+00
 THETA2        0.00000E+00  2.17482E-01  5.33947E-01 -2.16543E-01 -2.82250E-02  2.00099E-01  2.66630E-01  1.10830E-02 -5.16367E-02  0.00000E+00  0.00000E+00  0.00000E+00  0.00000E+00  1.37963E-01  0.00000E+00  0.00000E+00  3.99910E-02 -9.88506E-02  0.00000E+00  0.00000E+00  8.71067E-02 -4.94933E-02  1.06134E-02  0.00000E+00  0.00000E+00 -1.12901E-02 -8.78956E-03 -8.94674E-03 -2.84088E-02
 THETA3        0.00000E+00  5.33947E-01  5.18095E+00 -2.74646E-01 -8.44680E-02  2.40627E-01  2.31345E-01  5.33380E-02 -3.00205E-02  0.00000E+00  0.00000E+00  0.00000E+00  0.00000E+00  9.71099E-02  0.00000E+00  0.00000E+00  5.60521E-02 -2.56257E-02  0.00000E+00  0.00000E+00  5.18092E-02 -1.72549E-02 -2.40512E-03  0.00000E+00  0.00000E+00 -1.48351E-02 -1.41348E-02 -1.59380E-02 -7.82536E-02
 THETA4        0.00000E+00 -2.16543E-01 -2.74646E-01  6.74191E-02  6.41551E-02 -5.47946E-01 -2.16408E-01 -4.68627E-02 -1.89709E-02  0.00000E+00  0.00000E+00  0.00000E+00  0.00000E+00 -1.83543E-02  0.00000E+00  0.00000E+00  4.11567E-03  2.84461E-02  0.00000E+00  0.00000E+00  1.03300E-02  4.12746E-02  2.60886E-02  0.00000E+00  0.00000E+00  8.06949E-03  1.46711E-02  1.92018E-02 -2.25321E-01
 THETA5        0.00000E+00 -2.82250E-02 -8.44680E-02  6.41551E-02  4.82764E-03  2.21539E-01  6.82695E-02  2.03669E-02 -2.87094E-02  0.00000E+00  0.00000E+00  0.00000E+00  0.00000E+00  3.85353E-02  0.00000E+00  0.00000E+00  2.85776E-02  2.63919E-03  0.00000E+00  0.00000E+00 -3.14947E-02 -4.95464E-02 -6.77521E-02  0.00000E+00  0.00000E+00 -3.10431E-02 -4.27929E-02 -4.22033E-02  1.66440E-01
 THETA6        0.00000E+00  2.00099E-01  2.40627E-01 -5.47946E-01  2.21539E-01  1.95347E-02  4.10914E-01  8.25167E-02 -6.30932E-02  0.00000E+00  0.00000E+00  0.00000E+00  0.00000E+00  6.77227E-02  0.00000E+00  0.00000E+00  5.95024E-02  1.46827E-02  0.00000E+00  0.00000E+00  3.86526E-02 -1.80591E-03 -5.00778E-03  0.00000E+00  0.00000E+00 -7.03357E-02 -6.86565E-02 -7.15285E-02 -6.90403E-03
 THETA7        0.00000E+00  2.66630E-01  2.31345E-01 -2.16408E-01  6.82695E-02  4.10914E-01  1.90712E-02  2.79862E-02  7.55582E-03  0.00000E+00  0.00000E+00  0.00000E+00  0.00000E+00  4.51849E-02  0.00000E+00  0.00000E+00  2.98670E-02 -7.21863E-03  0.00000E+00  0.00000E+00  1.82795E-02 -1.72786E-02 -1.47621E-02  0.00000E+00  0.00000E+00 -3.41788E-02 -3.69935E-02 -3.19357E-02 -2.68538E-02
 SIGMA(1,1)    0.00000E+00  1.10830E-02  5.33380E-02 -4.68627E-02  2.03669E-02  8.25167E-02  2.79862E-02  1.25220E-03 -2.61797E-01  0.00000E+00  0.00000E+00  0.00000E+00  0.00000E+00  5.87169E-02  0.00000E+00  0.00000E+00  6.62626E-02  3.13671E-02  0.00000E+00  0.00000E+00  4.65419E-02  2.76861E-02  8.19427E-03  0.00000E+00  0.00000E+00 -8.24118E-03 -3.55412E-03 -1.52789E-04 -7.32202E-02
 OMEGA(1,1)    0.00000E+00 -5.16367E-02 -3.00205E-02 -1.89709E-02 -2.87094E-02 -6.30932E-02  7.55582E-03 -2.61797E-01  1.24703E-02  0.00000E+00  0.00000E+00  0.00000E+00  0.00000E+00 -3.39138E-02  0.00000E+00  0.00000E+00 -6.11879E-02 -5.45816E-02  0.00000E+00  0.00000E+00 -9.89266E-04 -1.07171E-02  1.61260E-02  0.00000E+00  0.00000E+00  2.34208E-02  2.27702E-02  1.38680E-02  9.42851E-02
 OMEGA(2,1)    0.00000E+00  0.00000E+00  0.00000E+00  0.00000E+00  0.00000E+00  0.00000E+00  0.00000E+00  0.00000E+00  0.00000E+00  0.00000E+00  0.00000E+00  0.00000E+00  0.00000E+00  0.00000E+00  0.00000E+00  0.00000E+00  0.00000E+00  0.00000E+00  0.00000E+00  0.00000E+00  0.00000E+00  0.00000E+00  0.00000E+00  0.00000E+00  0.00000E+00  0.00000E+00  0.00000E+00  0.00000E+00  0.00000E+00
 OMEGA(2,2)    0.00000E+00  0.00000E+00  0.00000E+00  0.00000E+00  0.00000E+00  0.00000E+00  0.00000E+00  0.00000E+00  0.00000E+00  0.00000E+00  0.00000E+00  0.00000E+00  0.00000E+00  0.00000E+00  0.00000E+00  0.00000E+00  0.00000E+00  0.00000E+00  0.00000E+00  0.00000E+00  0.00000E+00  0.00000E+00  0.00000E+00  0.00000E+00  0.00000E+00  0.00000E+00  0.00000E+00  0.00000E+00  0.00000E+00
 OMEGA(3,1)    0.00000E+00  0.00000E+00  0.00000E+00  0.00000E+00  0.00000E+00  0.00000E+00  0.00000E+00  0.00000E+00  0.00000E+00  0.00000E+00  0.00000E+00  0.00000E+00  0.00000E+00  0.00000E+00  0.00000E+00  0.00000E+00  0.00000E+00  0.00000E+00  0.00000E+00  0.00000E+00  0.00000E+00  0.00000E+00  0.00000E+00  0.00000E+00  0.00000E+00  0.00000E+00  0.00000E+00  0.00000E+00  0.00000E+00
 OMEGA(3,2)    0.00000E+00  0.00000E+00  0.00000E+00  0.00000E+00  0.00000E+00  0.00000E+00  0.00000E+00  0.00000E+00  0.00000E+00  0.00000E+00  0.00000E+00  0.00000E+00  0.00000E+00  0.00000E+00  0.00000E+00  0.00000E+00  0.00000E+00  0.00000E+00  0.00000E+00  0.00000E+00  0.00000E+00  0.00000E+00  0.00000E+00  0.00000E+00  0.00000E+00  0.00000E+00  0.00000E+00  0.00000E+00  0.00000E+00
 OMEGA(3,3)    0.00000E+00  1.37963E-01  9.71099E-02 -1.83543E-02  3.85353E-02  6.77227E-02  4.51849E-02  5.87169E-02 -3.39138E-02  0.00000E+00  0.00000E+00  0.00000E+00  0.00000E+00  3.67164E-01  0.00000E+00  0.00000E+00  7.54688E-01  5.30383E-02  0.00000E+00  0.00000E+00  6.63301E-01  1.05731E-01  1.00769E-01  0.00000E+00  0.00000E+00  1.04359E-01  1.05933E-01  1.03273E-01  2.77533E-02
 OMEGA(4,1)    0.00000E+00  0.00000E+00  0.00000E+00  0.00000E+00  0.00000E+00  0.00000E+00  0.00000E+00  0.00000E+00  0.00000E+00  0.00000E+00  0.00000E+00  0.00000E+00  0.00000E+00  0.00000E+00  0.00000E+00  0.00000E+00  0.00000E+00  0.00000E+00  0.00000E+00  0.00000E+00  0.00000E+00  0.00000E+00  0.00000E+00  0.00000E+00  0.00000E+00  0.00000E+00  0.00000E+00  0.00000E+00  0.00000E+00
 OMEGA(4,2)    0.00000E+00  0.00000E+00  0.00000E+00  0.00000E+00  0.00000E+00  0.00000E+00  0.00000E+00  0.00000E+00  0.00000E+00  0.00000E+00  0.00000E+00  0.00000E+00  0.00000E+00  0.00000E+00  0.00000E+00  0.00000E+00  0.00000E+00  0.00000E+00  0.00000E+00  0.00000E+00  0.00000E+00  0.00000E+00  0.00000E+00  0.00000E+00  0.00000E+00  0.00000E+00  0.00000E+00  0.00000E+00  0.00000E+00
 OMEGA(4,3)    0.00000E+00  3.99910E-02  5.60521E-02  4.11567E-03  2.85776E-02  5.95024E-02  2.98670E-02  6.62626E-02 -6.11879E-02  0.00000E+00  0.00000E+00  0.00000E+00  0.00000E+00  7.54688E-01  0.00000E+00  0.00000E+00  2.54216E-01  6.93127E-01  0.00000E+00  0.00000E+00  5.71122E-01  5.02306E-01  1.67171E-01  0.00000E+00  0.00000E+00  1.28684E-01  1.31691E-01  1.32994E-01  3.32938E-02
 OMEGA(4,4)    0.00000E+00 -9.88506E-02 -2.56257E-02  2.84461E-02  2.63919E-03  1.46827E-02 -7.21863E-03  3.13671E-02 -5.45816E-02  0.00000E+00  0.00000E+00  0.00000E+00  0.00000E+00  5.30383E-02  0.00000E+00  0.00000E+00  6.93127E-01  3.31754E-01  0.00000E+00  0.00000E+00  1.39945E-01  6.47960E-01  1.42165E-01  0.00000E+00  0.00000E+00  7.88141E-02  8.01883E-02  8.59674E-02  2.09605E-02
 OMEGA(5,1)    0.00000E+00  0.00000E+00  0.00000E+00  0.00000E+00  0.00000E+00  0.00000E+00  0.00000E+00  0.00000E+00  0.00000E+00  0.00000E+00  0.00000E+00  0.00000E+00  0.00000E+00  0.00000E+00  0.00000E+00  0.00000E+00  0.00000E+00  0.00000E+00  0.00000E+00  0.00000E+00  0.00000E+00  0.00000E+00  0.00000E+00  0.00000E+00  0.00000E+00  0.00000E+00  0.00000E+00  0.00000E+00  0.00000E+00
 OMEGA(5,2)    0.00000E+00  0.00000E+00  0.00000E+00  0.00000E+00  0.00000E+00  0.00000E+00  0.00000E+00  0.00000E+00  0.00000E+00  0.00000E+00  0.00000E+00  0.00000E+00  0.00000E+00  0.00000E+00  0.00000E+00  0.00000E+00  0.00000E+00  0.00000E+00  0.00000E+00  0.00000E+00  0.00000E+00  0.00000E+00  0.00000E+00  0.00000E+00  0.00000E+00  0.00000E+00  0.00000E+00  0.00000E+00  0.00000E+00
 OMEGA(5,3)    0.00000E+00  8.71067E-02  5.18092E-02  1.03300E-02 -3.14947E-02  3.86526E-02  1.82795E-02  4.65419E-02 -9.89266E-04  0.00000E+00  0.00000E+00  0.00000E+00  0.00000E+00  6.63301E-01  0.00000E+00  0.00000E+00  5.71122E-01  1.39945E-01  0.00000E+00  0.00000E+00  3.12962E-01  6.96912E-01  8.08470E-01  0.00000E+00  0.00000E+00  1.31794E-01  1.39389E-01  1.41577E-01  8.36962E-03
 OMEGA(5,4)    0.00000E+00 -4.94933E-02 -1.72549E-02  4.12746E-02 -4.95464E-02 -1.80591E-03 -1.72786E-02  2.76861E-02 -1.07171E-02  0.00000E+00  0.00000E+00  0.00000E+00  0.00000E+00  1.05731E-01  0.00000E+00  0.00000E+00  5.02306E-01  6.47960E-01  0.00000E+00  0.00000E+00  6.96912E-01  3.06897E-01  8.43278E-01  0.00000E+00  0.00000E+00  1.20368E-01  1.27145E-01  1.32333E-01  4.33323E-03
 OMEGA(5,5)    0.00000E+00  1.06134E-02 -2.40512E-03  2.60886E-02 -6.77521E-02 -5.00778E-03 -1.47621E-02  8.19427E-03  1.61260E-02  0.00000E+00  0.00000E+00  0.00000E+00  0.00000E+00  1.00769E-01  0.00000E+00  0.00000E+00  1.67171E-01  1.42165E-01  0.00000E+00  0.00000E+00  8.08470E-01  8.43278E-01  4.69716E-01  0.00000E+00  0.00000E+00  9.93401E-02  1.06468E-01  1.10140E-01 -1.06915E-02
 OMEGA(6,1)    0.00000E+00  0.00000E+00  0.00000E+00  0.00000E+00  0.00000E+00  0.00000E+00  0.00000E+00  0.00000E+00  0.00000E+00  0.00000E+00  0.00000E+00  0.00000E+00  0.00000E+00  0.00000E+00  0.00000E+00  0.00000E+00  0.00000E+00  0.00000E+00  0.00000E+00  0.00000E+00  0.00000E+00  0.00000E+00  0.00000E+00  0.00000E+00  0.00000E+00  0.00000E+00  0.00000E+00  0.00000E+00  0.00000E+00
 OMEGA(6,2)    0.00000E+00  0.00000E+00  0.00000E+00  0.00000E+00  0.00000E+00  0.00000E+00  0.00000E+00  0.00000E+00  0.00000E+00  0.00000E+00  0.00000E+00  0.00000E+00  0.00000E+00  0.00000E+00  0.00000E+00  0.00000E+00  0.00000E+00  0.00000E+00  0.00000E+00  0.00000E+00  0.00000E+00  0.00000E+00  0.00000E+00  0.00000E+00  0.00000E+00  0.00000E+00  0.00000E+00  0.00000E+00  0.00000E+00
 OMEGA(6,3)    0.00000E+00 -1.12901E-02 -1.48351E-02  8.06949E-03 -3.10431E-02 -7.03357E-02 -3.41788E-02 -8.24118E-03  2.34208E-02  0.00000E+00  0.00000E+00  0.00000E+00  0.00000E+00  1.04359E-01  0.00000E+00  0.00000E+00  1.28684E-01  7.88141E-02  0.00000E+00  0.00000E+00  1.31794E-01  1.20368E-01  9.93401E-02  0.00000E+00  0.00000E+00  1.55897E-01  9.93793E-01  9.90357E-01  5.07192E-02
 OMEGA(6,4)    0.00000E+00 -8.78956E-03 -1.41348E-02  1.46711E-02 -4.27929E-02 -6.86565E-02 -3.69935E-02 -3.55412E-03  2.27702E-02  0.00000E+00  0.00000E+00  0.00000E+00  0.00000E+00  1.05933E-01  0.00000E+00  0.00000E+00  1.31691E-01  8.01883E-02  0.00000E+00  0.00000E+00  1.39389E-01  1.27145E-01  1.06468E-01  0.00000E+00  0.00000E+00  9.93793E-01  1.55588E-01  9.92585E-01  2.18089E-02
 OMEGA(6,5)    0.00000E+00 -8.94674E-03 -1.59380E-02  1.92018E-02 -4.22033E-02 -7.15285E-02 -3.19357E-02 -1.52789E-04  1.38680E-02  0.00000E+00  0.00000E+00  0.00000E+00  0.00000E+00  1.03273E-01  0.00000E+00  0.00000E+00  1.32994E-01  8.59674E-02  0.00000E+00  0.00000E+00  1.41577E-01  1.32333E-01  1.10140E-01  0.00000E+00  0.00000E+00  9.90357E-01  9.92585E-01  1.56197E-01  4.38978E-02
 OMEGA(6,6)    0.00000E+00 -2.84088E-02 -7.82536E-02 -2.25321E-01  1.66440E-01 -6.90403E-03 -2.68538E-02 -7.32202E-02  9.42851E-02  0.00000E+00  0.00000E+00  0.00000E+00  0.00000E+00  2.77533E-02  0.00000E+00  0.00000E+00  3.32938E-02  2.09605E-02  0.00000E+00  0.00000E+00  8.36962E-03  4.33323E-03 -1.06915E-02  0.00000E+00  0.00000E+00  5.07192E-02  2.18089E-02  4.38978E-02  1.74623E-02
