TABLE NO.     2: Objective Function Evaluation by Importance/MAP Sampling (No Prior): Problem=1 Subproblem=0 Superproblem1=0 Iteration1=0 Superproblem2=0 Iteration2=0
 NAME         THETA1       THETA2       THETA3       THETA4       THETA5       THETA6       THETA7       THETA8       THETA9       SIGMA(1,1)   OMEGA(1,1)   OMEGA(2,1)   OMEGA(2,2)   OMEGA(3,1)   OMEGA(3,2)   OMEGA(3,3)   OMEGA(4,1)   OMEGA(4,2)   OMEGA(4,3)   OMEGA(4,4)   OMEGA(5,1)   OMEGA(5,2)   OMEGA(5,3)   OMEGA(5,4)   OMEGA(5,5)   OMEGA(6,1)   OMEGA(6,2)   OMEGA(6,3)   OMEGA(6,4)   OMEGA(6,5)   OMEGA(6,6)
 THETA1        0.00000E+00  0.00000E+00  0.00000E+00  0.00000E+00  0.00000E+00  0.00000E+00  0.00000E+00  0.00000E+00  0.00000E+00  0.00000E+00  0.00000E+00  0.00000E+00  0.00000E+00  0.00000E+00  0.00000E+00  0.00000E+00  0.00000E+00  0.00000E+00  0.00000E+00  0.00000E+00  0.00000E+00  0.00000E+00  0.00000E+00  0.00000E+00  0.00000E+00  0.00000E+00  0.00000E+00  0.00000E+00  0.00000E+00  0.00000E+00  0.00000E+00
 THETA2        0.00000E+00  0.00000E+00  0.00000E+00  0.00000E+00  0.00000E+00  0.00000E+00  0.00000E+00  0.00000E+00  0.00000E+00  0.00000E+00  0.00000E+00  0.00000E+00  0.00000E+00  0.00000E+00  0.00000E+00  0.00000E+00  0.00000E+00  0.00000E+00  0.00000E+00  0.00000E+00  0.00000E+00  0.00000E+00  0.00000E+00  0.00000E+00  0.00000E+00  0.00000E+00  0.00000E+00  0.00000E+00  0.00000E+00  0.00000E+00  0.00000E+00
 THETA3        0.00000E+00  0.00000E+00  0.00000E+00  0.00000E+00  0.00000E+00  0.00000E+00  0.00000E+00  0.00000E+00  0.00000E+00  0.00000E+00  0.00000E+00  0.00000E+00  0.00000E+00  0.00000E+00  0.00000E+00  0.00000E+00  0.00000E+00  0.00000E+00  0.00000E+00  0.00000E+00  0.00000E+00  0.00000E+00  0.00000E+00  0.00000E+00  0.00000E+00  0.00000E+00  0.00000E+00  0.00000E+00  0.00000E+00  0.00000E+00  0.00000E+00
 THETA4        0.00000E+00  0.00000E+00  0.00000E+00  3.80873E+01 -7.20226E-01  5.93659E+00 -1.00737E+01 -6.00380E+01  3.55113E+00  2.26680E+02  2.36196E+01  0.00000E+00  0.00000E+00  0.00000E+00  0.00000E+00  1.76415E+01  0.00000E+00  0.00000E+00 -4.86823E+01  1.57872E+01  0.00000E+00  0.00000E+00  9.58170E+00  2.19338E+01 -1.59792E+01  0.00000E+00  0.00000E+00  1.37080E+00  1.94473E-01 -1.48241E+00 -6.60784E-02
 THETA5        0.00000E+00  0.00000E+00  0.00000E+00 -7.20226E-01  7.02607E-02  7.04329E-01  4.99192E+00 -1.08462E+00 -1.34066E+00 -8.65509E+00 -6.41196E-01  0.00000E+00  0.00000E+00  0.00000E+00  0.00000E+00 -8.70038E-01  0.00000E+00  0.00000E+00  3.06723E-01  5.16257E-01  0.00000E+00  0.00000E+00  1.38430E+00 -1.40244E+00  1.94807E-02  0.00000E+00  0.00000E+00 -4.08859E-02  4.85268E-01 -4.15581E-01  1.57209E+00
 THETA6        0.00000E+00  0.00000E+00  0.00000E+00  5.93659E+00  7.04329E-01  3.99236E+02 -1.28043E+03 -4.72088E+01  7.97240E+02  8.75661E+02  7.53075E+01  0.00000E+00  0.00000E+00  0.00000E+00  0.00000E+00  9.53287E+00  0.00000E+00  0.00000E+00 -6.66646E+00  2.46683E+01  0.00000E+00  0.00000E+00 -1.84506E+01 -4.62553E+01  3.11359E+01  0.00000E+00  0.00000E+00 -6.45209E+01  1.14286E+02 -4.67038E+01  4.62406E+02
 THETA7        0.00000E+00  0.00000E+00  0.00000E+00 -1.00737E+01  4.99192E+00 -1.28043E+03  5.23698E+04  5.77582E+02 -5.72185E+03 -5.20525E+03  2.13856E+02  0.00000E+00  0.00000E+00  0.00000E+00  0.00000E+00 -6.41524E+02  0.00000E+00  0.00000E+00  5.81127E+01  3.18930E+02  0.00000E+00  0.00000E+00  1.18073E+03 -6.86794E+02 -2.05272E+02  0.00000E+00  0.00000E+00 -5.36197E+02  2.68274E+02  3.08168E+02 -3.47410E+03
 THETA8        0.00000E+00  0.00000E+00  0.00000E+00 -6.00380E+01 -1.08462E+00 -4.72088E+01  5.77582E+02  3.42994E+03 -1.23022E+03 -8.61292E+02 -2.48327E+02  0.00000E+00  0.00000E+00  0.00000E+00  0.00000E+00  2.20162E+01  0.00000E+00  0.00000E+00  1.66670E+01  2.61284E+01  0.00000E+00  0.00000E+00 -5.89753E+01 -7.84244E+01  7.23428E+01  0.00000E+00  0.00000E+00 -4.21059E+01  2.85541E+02 -2.39022E+02 -9.24535E+00
 THETA9        0.00000E+00  0.00000E+00  0.00000E+00  3.55113E+00 -1.34066E+00  7.97240E+02 -5.72185E+03 -1.23022E+03  5.09536E+03 -7.73879E+02  4.11611E+02  0.00000E+00  0.00000E+00  0.00000E+00  0.00000E+00  1.92827E+02  0.00000E+00  0.00000E+00  1.35890E+01 -1.73750E+02  0.00000E+00  0.00000E+00 -4.19352E+02  3.21412E+02  4.34021E+01  0.00000E+00  0.00000E+00 -1.91416E+02  1.26389E+01  2.03135E+02  9.47812E+02
 SIGMA(1,1)    0.00000E+00  0.00000E+00  0.00000E+00  2.26680E+02 -8.65509E+00  8.75661E+02 -5.20525E+03 -8.61292E+02 -7.73879E+02  7.19367E+05  1.95752E+04  0.00000E+00  0.00000E+00  0.00000E+00  0.00000E+00  2.29019E+03  0.00000E+00  0.00000E+00 -1.44868E+03  2.12456E+03  0.00000E+00  0.00000E+00 -3.35099E+03 -2.87942E+03  3.10351E+03  0.00000E+00  0.00000E+00 -1.97057E+02  9.60432E+02 -8.04189E+02  3.65045E+03
 OMEGA(1,1)    0.00000E+00  0.00000E+00  0.00000E+00  2.36196E+01 -6.41196E-01  7.53075E+01  2.13856E+02 -2.48327E+02  4.11611E+02  1.95752E+04  7.57682E+03  0.00000E+00  0.00000E+00  0.00000E+00  0.00000E+00  1.42500E+02  0.00000E+00  0.00000E+00  3.38755E+02 -2.65888E+01  0.00000E+00  0.00000E+00 -6.08360E+02 -2.61777E+02  4.26762E+02  0.00000E+00  0.00000E+00 -1.99384E+02 -3.43793E+02  5.28006E+02 -4.06173E+02
 OMEGA(2,1)    0.00000E+00  0.00000E+00  0.00000E+00  0.00000E+00  0.00000E+00  0.00000E+00  0.00000E+00  0.00000E+00  0.00000E+00  0.00000E+00  0.00000E+00  0.00000E+00  0.00000E+00  0.00000E+00  0.00000E+00  0.00000E+00  0.00000E+00  0.00000E+00  0.00000E+00  0.00000E+00  0.00000E+00  0.00000E+00  0.00000E+00  0.00000E+00  0.00000E+00  0.00000E+00  0.00000E+00  0.00000E+00  0.00000E+00  0.00000E+00  0.00000E+00
 OMEGA(2,2)    0.00000E+00  0.00000E+00  0.00000E+00  0.00000E+00  0.00000E+00  0.00000E+00  0.00000E+00  0.00000E+00  0.00000E+00  0.00000E+00  0.00000E+00  0.00000E+00  0.00000E+00  0.00000E+00  0.00000E+00  0.00000E+00  0.00000E+00  0.00000E+00  0.00000E+00  0.00000E+00  0.00000E+00  0.00000E+00  0.00000E+00  0.00000E+00  0.00000E+00  0.00000E+00  0.00000E+00  0.00000E+00  0.00000E+00  0.00000E+00  0.00000E+00
 OMEGA(3,1)    0.00000E+00  0.00000E+00  0.00000E+00  0.00000E+00  0.00000E+00  0.00000E+00  0.00000E+00  0.00000E+00  0.00000E+00  0.00000E+00  0.00000E+00  0.00000E+00  0.00000E+00  0.00000E+00  0.00000E+00  0.00000E+00  0.00000E+00  0.00000E+00  0.00000E+00  0.00000E+00  0.00000E+00  0.00000E+00  0.00000E+00  0.00000E+00  0.00000E+00  0.00000E+00  0.00000E+00  0.00000E+00  0.00000E+00  0.00000E+00  0.00000E+00
 OMEGA(3,2)    0.00000E+00  0.00000E+00  0.00000E+00  0.00000E+00  0.00000E+00  0.00000E+00  0.00000E+00  0.00000E+00  0.00000E+00  0.00000E+00  0.00000E+00  0.00000E+00  0.00000E+00  0.00000E+00  0.00000E+00  0.00000E+00  0.00000E+00  0.00000E+00  0.00000E+00  0.00000E+00  0.00000E+00  0.00000E+00  0.00000E+00  0.00000E+00  0.00000E+00  0.00000E+00  0.00000E+00  0.00000E+00  0.00000E+00  0.00000E+00  0.00000E+00
 OMEGA(3,3)    0.00000E+00  0.00000E+00  0.00000E+00  1.76415E+01 -8.70038E-01  9.53287E+00 -6.41524E+02  2.20162E+01  1.92827E+02  2.29019E+03  1.42500E+02  0.00000E+00  0.00000E+00  0.00000E+00  0.00000E+00  2.05663E+03  0.00000E+00  0.00000E+00 -2.75522E+03  9.40049E+02  0.00000E+00  0.00000E+00 -1.33988E+03  8.85987E+02  2.22142E+02  0.00000E+00  0.00000E+00 -5.72172E+02  3.91136E+02  1.88609E+02  9.52132E+01
 OMEGA(4,1)    0.00000E+00  0.00000E+00  0.00000E+00  0.00000E+00  0.00000E+00  0.00000E+00  0.00000E+00  0.00000E+00  0.00000E+00  0.00000E+00  0.00000E+00  0.00000E+00  0.00000E+00  0.00000E+00  0.00000E+00  0.00000E+00  0.00000E+00  0.00000E+00  0.00000E+00  0.00000E+00  0.00000E+00  0.00000E+00  0.00000E+00  0.00000E+00  0.00000E+00  0.00000E+00  0.00000E+00  0.00000E+00  0.00000E+00  0.00000E+00  0.00000E+00
 OMEGA(4,2)    0.00000E+00  0.00000E+00  0.00000E+00  0.00000E+00  0.00000E+00  0.00000E+00  0.00000E+00  0.00000E+00  0.00000E+00  0.00000E+00  0.00000E+00  0.00000E+00  0.00000E+00  0.00000E+00  0.00000E+00  0.00000E+00  0.00000E+00  0.00000E+00  0.00000E+00  0.00000E+00  0.00000E+00  0.00000E+00  0.00000E+00  0.00000E+00  0.00000E+00  0.00000E+00  0.00000E+00  0.00000E+00  0.00000E+00  0.00000E+00  0.00000E+00
 OMEGA(4,3)    0.00000E+00  0.00000E+00  0.00000E+00 -4.86823E+01  3.06723E-01 -6.66646E+00  5.81127E+01  1.66670E+01  1.35890E+01 -1.44868E+03  3.38755E+02  0.00000E+00  0.00000E+00  0.00000E+00  0.00000E+00 -2.75522E+03  0.00000E+00  0.00000E+00  6.33533E+03 -2.88457E+03  0.00000E+00  0.00000E+00 -7.99647E+02 -5.80205E+02  6.87846E+02  0.00000E+00  0.00000E+00  5.15202E+02 -8.63860E+02  3.05576E+02 -1.55017E+02
 OMEGA(4,4)    0.00000E+00  0.00000E+00  0.00000E+00  1.57872E+01  5.16257E-01  2.46683E+01  3.18930E+02  2.61284E+01 -1.73750E+02  2.12456E+03 -2.65888E+01  0.00000E+00  0.00000E+00  0.00000E+00  0.00000E+00  9.40049E+02  0.00000E+00  0.00000E+00 -2.88457E+03  2.08689E+03  0.00000E+00  0.00000E+00  9.87280E+02 -1.26879E+03  1.43058E+02  0.00000E+00  0.00000E+00 -1.56514E+02  5.64513E+02 -3.81902E+02  1.31599E+02
 OMEGA(5,1)    0.00000E+00  0.00000E+00  0.00000E+00  0.00000E+00  0.00000E+00  0.00000E+00  0.00000E+00  0.00000E+00  0.00000E+00  0.00000E+00  0.00000E+00  0.00000E+00  0.00000E+00  0.00000E+00  0.00000E+00  0.00000E+00  0.00000E+00  0.00000E+00  0.00000E+00  0.00000E+00  0.00000E+00  0.00000E+00  0.00000E+00  0.00000E+00  0.00000E+00  0.00000E+00  0.00000E+00  0.00000E+00  0.00000E+00  0.00000E+00  0.00000E+00
 OMEGA(5,2)    0.00000E+00  0.00000E+00  0.00000E+00  0.00000E+00  0.00000E+00  0.00000E+00  0.00000E+00  0.00000E+00  0.00000E+00  0.00000E+00  0.00000E+00  0.00000E+00  0.00000E+00  0.00000E+00  0.00000E+00  0.00000E+00  0.00000E+00  0.00000E+00  0.00000E+00  0.00000E+00  0.00000E+00  0.00000E+00  0.00000E+00  0.00000E+00  0.00000E+00  0.00000E+00  0.00000E+00  0.00000E+00  0.00000E+00  0.00000E+00  0.00000E+00
 OMEGA(5,3)    0.00000E+00  0.00000E+00  0.00000E+00  9.58170E+00  1.38430E+00 -1.84506E+01  1.18073E+03 -5.89753E+01 -4.19352E+02 -3.35099E+03 -6.08360E+02  0.00000E+00  0.00000E+00  0.00000E+00  0.00000E+00 -1.33988E+03  0.00000E+00  0.00000E+00 -7.99647E+02  9.87280E+02  0.00000E+00  0.00000E+00  3.45244E+03 -1.18446E+03 -1.12377E+03  0.00000E+00  0.00000E+00  6.45326E+02  5.02538E+01 -6.71709E+02 -5.25210E+01
 OMEGA(5,4)    0.00000E+00  0.00000E+00  0.00000E+00  2.19338E+01 -1.40244E+00 -4.62553E+01 -6.86794E+02 -7.84244E+01  3.21412E+02 -2.87942E+03 -2.61777E+02  0.00000E+00  0.00000E+00  0.00000E+00  0.00000E+00  8.85987E+02  0.00000E+00  0.00000E+00 -5.80205E+02 -1.26879E+03  0.00000E+00  0.00000E+00 -1.18446E+03  3.12944E+03 -9.76478E+02  0.00000E+00  0.00000E+00 -2.06005E+02 -2.55148E+02  4.48977E+02 -1.21559E+02
 OMEGA(5,5)    0.00000E+00  0.00000E+00  0.00000E+00 -1.59792E+01  1.94807E-02  3.11359E+01 -2.05272E+02  7.23428E+01  4.34021E+01  3.10351E+03  4.26762E+02  0.00000E+00  0.00000E+00  0.00000E+00  0.00000E+00  2.22142E+02  0.00000E+00  0.00000E+00  6.87846E+02  1.43058E+02  0.00000E+00  0.00000E+00 -1.12377E+03 -9.76478E+02  1.05183E+03  0.00000E+00  0.00000E+00 -2.09288E+02  1.02909E+02  9.97687E+01  8.55518E+01
 OMEGA(6,1)    0.00000E+00  0.00000E+00  0.00000E+00  0.00000E+00  0.00000E+00  0.00000E+00  0.00000E+00  0.00000E+00  0.00000E+00  0.00000E+00  0.00000E+00  0.00000E+00  0.00000E+00  0.00000E+00  0.00000E+00  0.00000E+00  0.00000E+00  0.00000E+00  0.00000E+00  0.00000E+00  0.00000E+00  0.00000E+00  0.00000E+00  0.00000E+00  0.00000E+00  0.00000E+00  0.00000E+00  0.00000E+00  0.00000E+00  0.00000E+00  0.00000E+00
 OMEGA(6,2)    0.00000E+00  0.00000E+00  0.00000E+00  0.00000E+00  0.00000E+00  0.00000E+00  0.00000E+00  0.00000E+00  0.00000E+00  0.00000E+00  0.00000E+00  0.00000E+00  0.00000E+00  0.00000E+00  0.00000E+00  0.00000E+00  0.00000E+00  0.00000E+00  0.00000E+00  0.00000E+00  0.00000E+00  0.00000E+00  0.00000E+00  0.00000E+00  0.00000E+00  0.00000E+00  0.00000E+00  0.00000E+00  0.00000E+00  0.00000E+00  0.00000E+00
 OMEGA(6,3)    0.00000E+00  0.00000E+00  0.00000E+00  1.37080E+00 -4.08859E-02 -6.45209E+01 -5.36197E+02 -4.21059E+01 -1.91416E+02 -1.97057E+02 -1.99384E+02  0.00000E+00  0.00000E+00  0.00000E+00  0.00000E+00 -5.72172E+02  0.00000E+00  0.00000E+00  5.15202E+02 -1.56514E+02  0.00000E+00  0.00000E+00  6.45326E+02 -2.06005E+02 -2.09288E+02  0.00000E+00  0.00000E+00  4.52191E+03 -3.21292E+03 -1.29672E+03 -7.97244E+02
 OMEGA(6,4)    0.00000E+00  0.00000E+00  0.00000E+00  1.94473E-01  4.85268E-01  1.14286E+02  2.68274E+02  2.85541E+02  1.26389E+01  9.60432E+02 -3.43793E+02  0.00000E+00  0.00000E+00  0.00000E+00  0.00000E+00  3.91136E+02  0.00000E+00  0.00000E+00 -8.63860E+02  5.64513E+02  0.00000E+00  0.00000E+00  5.02538E+01 -2.55148E+02  1.02909E+02  0.00000E+00  0.00000E+00 -3.21292E+03  5.30937E+03 -2.06957E+03  1.27263E+03
 OMEGA(6,5)    0.00000E+00  0.00000E+00  0.00000E+00 -1.48241E+00 -4.15581E-01 -4.67038E+01  3.08168E+02 -2.39022E+02  2.03135E+02 -8.04189E+02  5.28006E+02  0.00000E+00  0.00000E+00  0.00000E+00  0.00000E+00  1.88609E+02  0.00000E+00  0.00000E+00  3.05576E+02 -3.81902E+02  0.00000E+00  0.00000E+00 -6.71709E+02  4.48977E+02  9.97687E+01  0.00000E+00  0.00000E+00 -1.29672E+03 -2.06957E+03  3.37043E+03 -4.86756E+02
 OMEGA(6,6)    0.00000E+00  0.00000E+00  0.00000E+00 -6.60784E-02  1.57209E+00  4.62406E+02 -3.47410E+03 -9.24535E+00  9.47812E+02  3.65045E+03 -4.06173E+02  0.00000E+00  0.00000E+00  0.00000E+00  0.00000E+00  9.52132E+01  0.00000E+00  0.00000E+00 -1.55017E+02  1.31599E+02  0.00000E+00  0.00000E+00 -5.25210E+01 -1.21559E+02  8.55518E+01  0.00000E+00  0.00000E+00 -7.97244E+02  1.27263E+03 -4.86756E+02  4.26639E+03
