TABLE NO.     2: Objective Function Evaluation by Importance/MAP Sampling (No Prior): Problem=1 Subproblem=0 Superproblem1=0 Iteration1=0 Superproblem2=0 Iteration2=0
 NAME         THETA1       THETA2       THETA3       THETA4       THETA5       THETA6       THETA7       THETA8       THETA9       SIGMA(1,1)   OMEGA(1,1)   OMEGA(2,1)   OMEGA(2,2)   OMEGA(3,1)   OMEGA(3,2)   OMEGA(3,3)   OMEGA(4,1)   OMEGA(4,2)   OMEGA(4,3)   OMEGA(4,4)   OMEGA(5,1)   OMEGA(5,2)   OMEGA(5,3)   OMEGA(5,4)   OMEGA(5,5)   OMEGA(6,1)   OMEGA(6,2)   OMEGA(6,3)   OMEGA(6,4)   OMEGA(6,5)   OMEGA(6,6)
 THETA1        0.00000E+00  0.00000E+00  0.00000E+00  0.00000E+00  0.00000E+00  0.00000E+00  0.00000E+00  0.00000E+00  0.00000E+00  0.00000E+00  0.00000E+00  0.00000E+00  0.00000E+00  0.00000E+00  0.00000E+00  0.00000E+00  0.00000E+00  0.00000E+00  0.00000E+00  0.00000E+00  0.00000E+00  0.00000E+00  0.00000E+00  0.00000E+00  0.00000E+00  0.00000E+00  0.00000E+00  0.00000E+00  0.00000E+00  0.00000E+00  0.00000E+00
 THETA2        0.00000E+00  0.00000E+00  0.00000E+00  0.00000E+00  0.00000E+00  0.00000E+00  0.00000E+00  0.00000E+00  0.00000E+00  0.00000E+00  0.00000E+00  0.00000E+00  0.00000E+00  0.00000E+00  0.00000E+00  0.00000E+00  0.00000E+00  0.00000E+00  0.00000E+00  0.00000E+00  0.00000E+00  0.00000E+00  0.00000E+00  0.00000E+00  0.00000E+00  0.00000E+00  0.00000E+00  0.00000E+00  0.00000E+00  0.00000E+00  0.00000E+00
 THETA3        0.00000E+00  0.00000E+00  0.00000E+00  0.00000E+00  0.00000E+00  0.00000E+00  0.00000E+00  0.00000E+00  0.00000E+00  0.00000E+00  0.00000E+00  0.00000E+00  0.00000E+00  0.00000E+00  0.00000E+00  0.00000E+00  0.00000E+00  0.00000E+00  0.00000E+00  0.00000E+00  0.00000E+00  0.00000E+00  0.00000E+00  0.00000E+00  0.00000E+00  0.00000E+00  0.00000E+00  0.00000E+00  0.00000E+00  0.00000E+00  0.00000E+00
 THETA4        0.00000E+00  0.00000E+00  0.00000E+00  1.95151E-01  5.04425E-01 -2.10104E-01 -3.25570E-02  2.73739E-01  2.00867E-01  5.10333E-03 -4.10283E-02  0.00000E+00  0.00000E+00  0.00000E+00  0.00000E+00  1.25966E-01  0.00000E+00  0.00000E+00  2.21036E-02 -1.07038E-01  0.00000E+00  0.00000E+00  7.58436E-02 -5.41812E-02  1.00674E-02  0.00000E+00  0.00000E+00 -1.14427E-02 -9.77274E-03 -9.72152E-03 -2.16350E-02
 THETA5        0.00000E+00  0.00000E+00  0.00000E+00  5.04425E-01  4.57147E+00 -2.79226E-01 -8.65496E-02  2.46538E-01  2.53499E-01  5.29738E-02 -1.48349E-02  0.00000E+00  0.00000E+00  0.00000E+00  0.00000E+00  8.30696E-02  0.00000E+00  0.00000E+00  4.52113E-02 -2.21072E-02  0.00000E+00  0.00000E+00  4.49564E-02 -9.93243E-03  1.81199E-03  0.00000E+00  0.00000E+00 -2.00813E-02 -1.87230E-02 -1.93460E-02 -6.65444E-02
 THETA6        0.00000E+00  0.00000E+00  0.00000E+00 -2.10104E-01 -2.79226E-01  6.73408E-02  7.57143E-02 -2.15385E-01 -5.53679E-01 -5.38398E-02 -1.89855E-02  0.00000E+00  0.00000E+00  0.00000E+00  0.00000E+00 -1.30985E-02  0.00000E+00  0.00000E+00  2.77197E-03  1.89517E-02  0.00000E+00  0.00000E+00  2.30493E-03  2.56694E-02  1.37643E-02  0.00000E+00  0.00000E+00  1.00554E-02  1.01801E-02  1.22768E-02 -2.32411E-01
 THETA7        0.00000E+00  0.00000E+00  0.00000E+00 -3.25570E-02 -8.65496E-02  7.57143E-02  4.83261E-03  2.90197E-02  2.12825E-01  2.03370E-02 -3.35999E-02  0.00000E+00  0.00000E+00  0.00000E+00  0.00000E+00  3.57713E-02  0.00000E+00  0.00000E+00  2.58011E-02  2.68048E-03  0.00000E+00  0.00000E+00 -3.98933E-02 -5.60737E-02 -7.54548E-02  0.00000E+00  0.00000E+00 -3.13660E-02 -4.17744E-02 -4.07867E-02  1.63899E-01
 THETA8        0.00000E+00  0.00000E+00  0.00000E+00  2.73739E-01  2.46538E-01 -2.15385E-01  2.90197E-02  1.91149E-02  3.80966E-01  4.13956E-02  8.13715E-03  0.00000E+00  0.00000E+00  0.00000E+00  0.00000E+00  4.35226E-02  0.00000E+00  0.00000E+00  3.59280E-02  6.63003E-03  0.00000E+00  0.00000E+00  1.31644E-02 -1.13345E-02 -1.88199E-02  0.00000E+00  0.00000E+00 -3.50802E-02 -3.81234E-02 -3.07004E-02 -7.15799E-03
 THETA9        0.00000E+00  0.00000E+00  0.00000E+00  2.00867E-01  2.53499E-01 -5.53679E-01  2.12825E-01  3.80966E-01  1.94871E-02  8.59872E-02 -6.39227E-02  0.00000E+00  0.00000E+00  0.00000E+00  0.00000E+00  7.10608E-02  0.00000E+00  0.00000E+00  5.92326E-02  1.32511E-02  0.00000E+00  0.00000E+00  3.50172E-02 -6.09823E-03 -1.07761E-02  0.00000E+00  0.00000E+00 -6.80070E-02 -6.83918E-02 -7.21187E-02 -5.25100E-03
 SIGMA(1,1)    0.00000E+00  0.00000E+00  0.00000E+00  5.10333E-03  5.29738E-02 -5.38398E-02  2.03370E-02  4.13956E-02  8.59872E-02  1.24209E-03 -2.64071E-01  0.00000E+00  0.00000E+00  0.00000E+00  0.00000E+00  5.93881E-02  0.00000E+00  0.00000E+00  6.74584E-02  3.42413E-02  0.00000E+00  0.00000E+00  4.06171E-02  2.50707E-02  2.56254E-03  0.00000E+00  0.00000E+00 -1.39193E-04  2.57047E-03  5.38677E-03 -7.15148E-02
 OMEGA(1,1)    0.00000E+00  0.00000E+00  0.00000E+00 -4.10283E-02 -1.48349E-02 -1.89855E-02 -3.35999E-02  8.13715E-03 -6.39227E-02 -2.64071E-01  1.22293E-02  0.00000E+00  0.00000E+00  0.00000E+00  0.00000E+00 -3.79456E-02  0.00000E+00  0.00000E+00 -5.71996E-02 -4.45690E-02  0.00000E+00  0.00000E+00  9.06701E-04 -1.64966E-03  2.12740E-02  0.00000E+00  0.00000E+00  2.49034E-02  2.40934E-02  1.47591E-02  9.48665E-02
 OMEGA(2,1)    0.00000E+00  0.00000E+00  0.00000E+00  0.00000E+00  0.00000E+00  0.00000E+00  0.00000E+00  0.00000E+00  0.00000E+00  0.00000E+00  0.00000E+00  0.00000E+00  0.00000E+00  0.00000E+00  0.00000E+00  0.00000E+00  0.00000E+00  0.00000E+00  0.00000E+00  0.00000E+00  0.00000E+00  0.00000E+00  0.00000E+00  0.00000E+00  0.00000E+00  0.00000E+00  0.00000E+00  0.00000E+00  0.00000E+00  0.00000E+00  0.00000E+00
 OMEGA(2,2)    0.00000E+00  0.00000E+00  0.00000E+00  0.00000E+00  0.00000E+00  0.00000E+00  0.00000E+00  0.00000E+00  0.00000E+00  0.00000E+00  0.00000E+00  0.00000E+00  0.00000E+00  0.00000E+00  0.00000E+00  0.00000E+00  0.00000E+00  0.00000E+00  0.00000E+00  0.00000E+00  0.00000E+00  0.00000E+00  0.00000E+00  0.00000E+00  0.00000E+00  0.00000E+00  0.00000E+00  0.00000E+00  0.00000E+00  0.00000E+00  0.00000E+00
 OMEGA(3,1)    0.00000E+00  0.00000E+00  0.00000E+00  0.00000E+00  0.00000E+00  0.00000E+00  0.00000E+00  0.00000E+00  0.00000E+00  0.00000E+00  0.00000E+00  0.00000E+00  0.00000E+00  0.00000E+00  0.00000E+00  0.00000E+00  0.00000E+00  0.00000E+00  0.00000E+00  0.00000E+00  0.00000E+00  0.00000E+00  0.00000E+00  0.00000E+00  0.00000E+00  0.00000E+00  0.00000E+00  0.00000E+00  0.00000E+00  0.00000E+00  0.00000E+00
 OMEGA(3,2)    0.00000E+00  0.00000E+00  0.00000E+00  0.00000E+00  0.00000E+00  0.00000E+00  0.00000E+00  0.00000E+00  0.00000E+00  0.00000E+00  0.00000E+00  0.00000E+00  0.00000E+00  0.00000E+00  0.00000E+00  0.00000E+00  0.00000E+00  0.00000E+00  0.00000E+00  0.00000E+00  0.00000E+00  0.00000E+00  0.00000E+00  0.00000E+00  0.00000E+00  0.00000E+00  0.00000E+00  0.00000E+00  0.00000E+00  0.00000E+00  0.00000E+00
 OMEGA(3,3)    0.00000E+00  0.00000E+00  0.00000E+00  1.25966E-01  8.30696E-02 -1.30985E-02  3.57713E-02  4.35226E-02  7.10608E-02  5.93881E-02 -3.79456E-02  0.00000E+00  0.00000E+00  0.00000E+00  0.00000E+00  3.51508E-01  0.00000E+00  0.00000E+00  7.47272E-01  6.37774E-02  0.00000E+00  0.00000E+00  6.62666E-01  1.29683E-01  1.22540E-01  0.00000E+00  0.00000E+00  1.00585E-01  1.06789E-01  1.03961E-01  1.59225E-02
 OMEGA(4,1)    0.00000E+00  0.00000E+00  0.00000E+00  0.00000E+00  0.00000E+00  0.00000E+00  0.00000E+00  0.00000E+00  0.00000E+00  0.00000E+00  0.00000E+00  0.00000E+00  0.00000E+00  0.00000E+00  0.00000E+00  0.00000E+00  0.00000E+00  0.00000E+00  0.00000E+00  0.00000E+00  0.00000E+00  0.00000E+00  0.00000E+00  0.00000E+00  0.00000E+00  0.00000E+00  0.00000E+00  0.00000E+00  0.00000E+00  0.00000E+00  0.00000E+00
 OMEGA(4,2)    0.00000E+00  0.00000E+00  0.00000E+00  0.00000E+00  0.00000E+00  0.00000E+00  0.00000E+00  0.00000E+00  0.00000E+00  0.00000E+00  0.00000E+00  0.00000E+00  0.00000E+00  0.00000E+00  0.00000E+00  0.00000E+00  0.00000E+00  0.00000E+00  0.00000E+00  0.00000E+00  0.00000E+00  0.00000E+00  0.00000E+00  0.00000E+00  0.00000E+00  0.00000E+00  0.00000E+00  0.00000E+00  0.00000E+00  0.00000E+00  0.00000E+00
 OMEGA(4,3)    0.00000E+00  0.00000E+00  0.00000E+00  2.21036E-02  4.52113E-02  2.77197E-03  2.58011E-02  3.59280E-02  5.92326E-02  6.74584E-02 -5.71996E-02  0.00000E+00  0.00000E+00  0.00000E+00  0.00000E+00  7.47272E-01  0.00000E+00  0.00000E+00  2.49148E-01  7.08670E-01  0.00000E+00  0.00000E+00  5.52592E-01  5.14839E-01  1.65381E-01  0.00000E+00  0.00000E+00  1.32285E-01  1.36777E-01  1.37907E-01  3.11807E-02
 OMEGA(4,4)    0.00000E+00  0.00000E+00  0.00000E+00 -1.07038E-01 -2.21072E-02  1.89517E-02  2.68048E-03  6.63003E-03  1.32511E-02  3.42413E-02 -4.45690E-02  0.00000E+00  0.00000E+00  0.00000E+00  0.00000E+00  6.37774E-02  0.00000E+00  0.00000E+00  7.08670E-01  3.30107E-01  0.00000E+00  0.00000E+00  1.27064E-01  6.36311E-01  1.18372E-01  0.00000E+00  0.00000E+00  8.71715E-02  8.59996E-02  9.16654E-02  3.07431E-02
 OMEGA(5,1)    0.00000E+00  0.00000E+00  0.00000E+00  0.00000E+00  0.00000E+00  0.00000E+00  0.00000E+00  0.00000E+00  0.00000E+00  0.00000E+00  0.00000E+00  0.00000E+00  0.00000E+00  0.00000E+00  0.00000E+00  0.00000E+00  0.00000E+00  0.00000E+00  0.00000E+00  0.00000E+00  0.00000E+00  0.00000E+00  0.00000E+00  0.00000E+00  0.00000E+00  0.00000E+00  0.00000E+00  0.00000E+00  0.00000E+00  0.00000E+00  0.00000E+00
 OMEGA(5,2)    0.00000E+00  0.00000E+00  0.00000E+00  0.00000E+00  0.00000E+00  0.00000E+00  0.00000E+00  0.00000E+00  0.00000E+00  0.00000E+00  0.00000E+00  0.00000E+00  0.00000E+00  0.00000E+00  0.00000E+00  0.00000E+00  0.00000E+00  0.00000E+00  0.00000E+00  0.00000E+00  0.00000E+00  0.00000E+00  0.00000E+00  0.00000E+00  0.00000E+00  0.00000E+00  0.00000E+00  0.00000E+00  0.00000E+00  0.00000E+00  0.00000E+00
 OMEGA(5,3)    0.00000E+00  0.00000E+00  0.00000E+00  7.58436E-02  4.49564E-02  2.30493E-03 -3.98933E-02  1.31644E-02  3.50172E-02  4.06171E-02  9.06701E-04  0.00000E+00  0.00000E+00  0.00000E+00  0.00000E+00  6.62666E-01  0.00000E+00  0.00000E+00  5.52592E-01  1.27064E-01  0.00000E+00  0.00000E+00  3.10162E-01  7.06972E-01  8.21833E-01  0.00000E+00  0.00000E+00  1.12909E-01  1.21281E-01  1.25415E-01  9.03275E-03
 OMEGA(5,4)    0.00000E+00  0.00000E+00  0.00000E+00 -5.41812E-02 -9.93243E-03  2.56694E-02 -5.60737E-02 -1.13345E-02 -6.09823E-03  2.50707E-02 -1.64966E-03  0.00000E+00  0.00000E+00  0.00000E+00  0.00000E+00  1.29683E-01  0.00000E+00  0.00000E+00  5.14839E-01  6.36311E-01  0.00000E+00  0.00000E+00  7.06972E-01  3.02491E-01  8.38504E-01  0.00000E+00  0.00000E+00  1.09420E-01  1.13193E-01  1.20771E-01  1.72847E-02
 OMEGA(5,5)    0.00000E+00  0.00000E+00  0.00000E+00  1.00674E-02  1.81199E-03  1.37643E-02 -7.54548E-02 -1.88199E-02 -1.07761E-02  2.56254E-03  2.12740E-02  0.00000E+00  0.00000E+00  0.00000E+00  0.00000E+00  1.22540E-01  0.00000E+00  0.00000E+00  1.65381E-01  1.18372E-01  0.00000E+00  0.00000E+00  8.21833E-01  8.38504E-01  4.68147E-01  0.00000E+00  0.00000E+00  7.73134E-02  8.25285E-02  8.93115E-02 -7.64655E-04
 OMEGA(6,1)    0.00000E+00  0.00000E+00  0.00000E+00  0.00000E+00  0.00000E+00  0.00000E+00  0.00000E+00  0.00000E+00  0.00000E+00  0.00000E+00  0.00000E+00  0.00000E+00  0.00000E+00  0.00000E+00  0.00000E+00  0.00000E+00  0.00000E+00  0.00000E+00  0.00000E+00  0.00000E+00  0.00000E+00  0.00000E+00  0.00000E+00  0.00000E+00  0.00000E+00  0.00000E+00  0.00000E+00  0.00000E+00  0.00000E+00  0.00000E+00  0.00000E+00
 OMEGA(6,2)    0.00000E+00  0.00000E+00  0.00000E+00  0.00000E+00  0.00000E+00  0.00000E+00  0.00000E+00  0.00000E+00  0.00000E+00  0.00000E+00  0.00000E+00  0.00000E+00  0.00000E+00  0.00000E+00  0.00000E+00  0.00000E+00  0.00000E+00  0.00000E+00  0.00000E+00  0.00000E+00  0.00000E+00  0.00000E+00  0.00000E+00  0.00000E+00  0.00000E+00  0.00000E+00  0.00000E+00  0.00000E+00  0.00000E+00  0.00000E+00  0.00000E+00
 OMEGA(6,3)    0.00000E+00  0.00000E+00  0.00000E+00 -1.14427E-02 -2.00813E-02  1.00554E-02 -3.13660E-02 -3.50802E-02 -6.80070E-02 -1.39193E-04  2.49034E-02  0.00000E+00  0.00000E+00  0.00000E+00  0.00000E+00  1.00585E-01  0.00000E+00  0.00000E+00  1.32285E-01  8.71715E-02  0.00000E+00  0.00000E+00  1.12909E-01  1.09420E-01  7.73134E-02  0.00000E+00  0.00000E+00  1.55447E-01  9.94247E-01  9.91284E-01  5.49200E-02
 OMEGA(6,4)    0.00000E+00  0.00000E+00  0.00000E+00 -9.77274E-03 -1.87230E-02  1.01801E-02 -4.17744E-02 -3.81234E-02 -6.83918E-02  2.57047E-03  2.40934E-02  0.00000E+00  0.00000E+00  0.00000E+00  0.00000E+00  1.06789E-01  0.00000E+00  0.00000E+00  1.36777E-01  8.59996E-02  0.00000E+00  0.00000E+00  1.21281E-01  1.13193E-01  8.25285E-02  0.00000E+00  0.00000E+00  9.94247E-01  1.55285E-01  9.92380E-01  2.95047E-02
 OMEGA(6,5)    0.00000E+00  0.00000E+00  0.00000E+00 -9.72152E-03 -1.93460E-02  1.22768E-02 -4.07867E-02 -3.07004E-02 -7.21187E-02  5.38677E-03  1.47591E-02  0.00000E+00  0.00000E+00  0.00000E+00  0.00000E+00  1.03961E-01  0.00000E+00  0.00000E+00  1.37907E-01  9.16654E-02  0.00000E+00  0.00000E+00  1.25415E-01  1.20771E-01  8.93115E-02  0.00000E+00  0.00000E+00  9.91284E-01  9.92380E-01  1.55893E-01  5.17904E-02
 OMEGA(6,6)    0.00000E+00  0.00000E+00  0.00000E+00 -2.16350E-02 -6.65444E-02 -2.32411E-01  1.63899E-01 -7.15799E-03 -5.25100E-03 -7.15148E-02  9.48665E-02  0.00000E+00  0.00000E+00  0.00000E+00  0.00000E+00  1.59225E-02  0.00000E+00  0.00000E+00  3.11807E-02  3.07431E-02  0.00000E+00  0.00000E+00  9.03275E-03  1.72847E-02 -7.64655E-04  0.00000E+00  0.00000E+00  5.49200E-02  2.95047E-02  5.17904E-02  1.73536E-02
